100
100
100
100
100
100
100
100
100
100
100
100
100
100
100
100
100
100
100
100
100
100
100
100
100
100
100
100
100
100
100
100
100
100
100
100
100
100
100
100
100
100
100
100
100
100
100
100
100
100
0.9187252587403008
0.8786521361172768
0.0680913163075001
0.0625459844286299
0.7024639139262552
0.994327032014738
0.9999489193780612
0.9998281962748156
0.026143782357751336
0.23720355696911388
0.04593417346416109
0.012033512546289838
0.029943557463771215
0.04817436180142464
0.3018559843415857
0.07803944384503071
0.10222607339447429
0.0936733547192067
0.05013269139633815
0.7979055321240126
0.04155605690259622
0.9921542512157813
0.39638794868746263
0.9989885010594529
0.9998073393253137
0.9884754639434342
0.999846687904974
0.9994654768119554
0.9995434424401193
0.9953399505765861
0.9998921485369968
0.9871196493461948
0.9690262366197411
0.9748229922627534
0.9995027956690056
0.9793208202881694
0.11410600116981155
0.94198022819236
0.09883059127781087
0.0014952974216185606
0.015680327199620182
0.009891306375921026
0.08658859348163062
0.5335178660265864
0.0974682315014483
0.09595972341248696
0.07104299001703618
0.007313360493098901
0.028774238355088064
0.03548025358070618
0.02773063869652815
0.1320129484387246
0.23401841952357394
0.012762547358045169
0.2884151529993905
0.027054103076715658
0.3954515584207867
0.20114163280288097
0.997397872617617
0.21392578915844326
0.9958793856757054
0.4391021661285581
0.5076874615577837
0.47530011423554586
0.9227011517453438
0.13758304710704544
0.998893590666837
0.9982137911176399
0.9450604975324443
0.9990532345889299
0.9980552630412894
0.997123966542747
0.9941091404213336
0.9999609153572696
0.9956456322311732
0.9854032166516058
0.9853723736917557
0.9998119911507136
0.9852252193217738
0.12356477808686539
0.9847960569492508
0.09269855863415898
0.07131641116663605
0.04557906019369424
0.7042736463389251
0.08893904693644274
0.014720084875609342
0.09140207811206141
0.07223749473335367
0.07716907626804058
0.03519523577612773
0.3736254195580229
0.48424970870620493
0.789113560931644
0.0008485315899519609
0.20636996202710367
0.10301665824727403
0.005314891626660817
0.10109629391406375
0.09530423262655338
0.03912203156948175
0.11440458517148529
0.05160745933735221
0.12843944622319417
0.03689046596447124
0.020868554466509644
0.1732285594108006
0.12010273546787938
0.13787659866042495
0.11518599110745482
0.054239316626415686
0.07168809834721852
0.010912576792550572
0.02777613778781025
0.02885213238214139
0.028312829974576015
0.03770244593593228
0.5353936600683293
0.5369199601434745
0.999786048880635
0.9976431717535799
0.9719129837891062
0.9986549207977538
0.9979099648691085
0.9973052239714275
0.9963070331747909
0.999970944029343
0.9956191711311951
0.987511333172085
0.9931065215578592
0.9996067372285649
0.0002594551673198468
0.4589833231558455
0.013810185337972677
0.07700552332253452
0.12921968048362728
0.38507869290039193
0.28384832577859964
0.510504481615757
0.9786721052714894
0.8398052745883453
0.1536617014171182
0.036853282742614894
0.7692603460428007
0.04019816283433069
0.16831612988298594
0.035211996166468376
0.024317177447703304
0.007079345652209331
0.027576577197686185
0.11157612989326561
0.03761252275928691
0.22184239721451535
0.06170128724976494
0.9995572449770019
0.9996105839185391
0.9463489269519382
0.9971729498618888
0.9994104437633022
0.9975418413704724
0.9935433699210305
0.9998928113436334
0.9902488603591132
0.9855057449819192
0.9744617798488617
0.9995276250670474
0.989246763723643
0.7058692592858511
0.993808240794378
0.9693928829412238
0.9775237025883786
0.9623905303712359
0.9692546639927382
0.06126545623065085
0.639197864090066
0.888998389934137
0.9692915961389379
0.0037265919135435633
0.34256693958224416
0.019542913480289217
0.5338684903919803
0.010876718470865469
0.1074664738704125
0.029867557803207802
0.10228890578915577
0.13103131002098392
0.1386997793026487
0.08738252404159118
0.057376436789203865
0.418062737422706
0.963686704282141
0.9700873350546371
0.999808265449216
0.3046065033861053
0.9899939772787213
0.9991768411232731
0.9978404584338405
0.9992480089405094
0.991992825468559
0.30706071418961955
0.9992931265975222
0.032927587503898834
0.6355939865468336
0.4491508394902269
0.9981729201574857
0.9998924098781299
0.9892817015791302
0.9983406947055377
0.9411490755875017
0.9999557389886641
0.9985290701895787
0.9948702709060926
0.9966287513178785
0.9995095284244931
0.9988122805888797
0.9996905872080335
0.9365627975871321
0.9847045344378685
0.9999612907996349
0.9986392607910343
0.9860134087840611
0.9943395079891697
0.9999765049652961
0.9586081946858456
0.011895270134774417
0.6126013090497171
0.956617912406892
0.9449066694964041
0.006514588276045534
0.12490266763751462
0.7141158004717013
0.15535347919457954
0.0924199774525696
0.13981810034891512
0.2078654053765777
0.014711152494655926
0.717438030865198
0.9664095777975368
0.9894734622425725
0.09940592641752295
0.5124983836754774
0.2616279397345705
0.7506824317148726
0.4245287424441746
0.971017430247147
0.5216030769232922
0.3732174139547934
0.8820139565463879
0.7836932785351921
0.49428929469306726
0.7429221168474169
0.8845096844588957
0.06649001518516845
0.05094169997429934
0.035785920745102076
0.05438752049021983
0.12624791532895915
0.044824331488038126
0.06945930399409835
0.08234139497520129
0.22412810800500205
0.778003466615717
0.9911709048642217
0.9959529486648059
0.9233830416310344
0.4921293826374426
0.9924997471447733
0.9985752837621413
0.9780175222839173
0.9950301409474306
0.9974537496124926
0.997486277668507
0.9937280144177736
0.9999516632394434
