100
100
100
100
100
100
100
100
100
100
100
100
100
100
100
100
100
100
100
100
100
100
100
100
100
100
100
100
100
100
100
100
100
100
100
100
100
100
100
100
100
100
100
100
100
100
100
100
100
100
0.9991536955505845
0.6866581788561209
0.9983291476247861
0.9998147302968696
0.9887361952996994
0.9995429212072596
0.999987867809377
0.9998063634499497
0.9994352598663111
0.9999961238352537
0.9998549567021299
0.9988778752529485
0.9939867625949909
0.9999960637673272
0.9993805181888761
0.8913883536273356
0.9998829908141923
0.998511112153164
0.9975689019524674
0.9977808416011229
0.9962684013425132
0.08611547804415136
0.7550412858761618
0.1298328951022925
0.9999930128648598
0.999991938620237
0.9995105303801859
0.99997873012175
0.9999127407827288
0.9998960688977642
0.9980347597762205
0.9910671261454955
0.9996272928113289
0.9996599966108258
6.0691462818611374e-06
0.27633927371302197
0.10719869097071351
0.07649104810283847
0.06565674795355797
0.5531763282196671
0.9928578238668766
0.9835768039176774
0.33456044408471286
0.9996653164398667
0.4732582759751634
0.04757168497883072
0.08896507430124453
0.9417456178546799
0.16546218339386676
0.06421629006560944
0.058557772816855674
0.9920798143674953
0.998726057373255
0.9999985904382923
0.9999999880073663
0.9999942498827177
0.9998823491031321
0.9874733167638777
0.7306236347297201
0.9968759166115744
0.9831998057355573
0.9996431869084832
0.7911089469540924
0.15801320282734993
0.61198067619074
0.3442750424058947
0.013487124148969163
0.16037011449155772
0.9443453336291382
0.8740360847756239
0.8349026782505939
0.9999616054864148
0.6216258124470802
0.9981101014007657
0.5654807566010847
0.9879903257750516
0.32247848288979564
0.9987214882123278
0.5316219155518382
0.9985969210919707
0.5288493895411569
0.08866799529923931
0.02498707050161827
0.08858862817460635
0.10891830084758916
0.5172892974647565
0.1669113891031227
0.009535086415903308
0.6375548790065964
0.9038285829423647
0.9994818034015578
0.5278462429809295
0.9997925550446684
0.4435852480521968
0.998441655743398
0.9944922975801913
0.8698107367675052
0.9997815770810838
0.8306914021226471
0.035243734611974505
0.22500576374933687
0.06326961459604075
0.08082838639784093
0.050711261482715535
0.8609113147223764
0.999329625254133
0.9999925153687043
0.9999992781868369
0.9998592167134907
0.768664724661813
0.9988007245036674
0.9986491508520151
0.03924163689973914
0.6970170173077543
0.6994221079665888
0.9855896893149867
0.931799511251904
0.05095040914246446
0.9813869967360733
0.07101916074825547
0.6008067970694522
0.8838814497429801
0.9484820566498996
0.04003102103170227
0.8936624066468414
0.01888335231048599
0.012397915706721782
0.44881956786000843
0.15323112463431945
0.0637512931769449
0.3831739644398654
0.6150428819787255
0.9997851050999221
0.9992492303814088
0.058183840637976644
0.9766014398138956
0.09029665017066567
0.07681713863231769
0.3236050687170555
0.7709295940782597
0.9999626366693375
0.9999544090953683
0.9971149876952419
0.9999990058820067
0.9999987907054257
0.9999957032578739
0.9988970594078901
0.9999991392553679
0.9988808975638064
0.9977505586850197
0.9959477992611973
0.9999955032126912
0.9973801250521565
0.9447697329583497
0.9998659872755769
0.9988525130247556
0.9979987475915961
0.9991784462844272
0.9929055865271738
0.053959224414236555
0.46824167230327485
0.1733006067263512
0.9947422197385857
0.972590075470339
0.08722118072296553
0.9999998014672394
0.9995029790573228
0.9999999916184671
0.99999332530956
0.8116642325911498
0.7284286671597994
0.9967889423501923
0.9997447513336011
0.9380866481648072
0.44573666007634377
0.12707757465564884
0.99919141939291
0.9795910843921596
0.8672073519174942
0.8578516704734594
0.9999179775978607
0.9999999967760362
0.9999499086112955
0.9998769287388549
0.6402736857727128
0.9994287935972304
0.9997088171680326
0.9827799952580627
0.4087208246512102
0.133153803486256
0.9998407426130046
0.9608552665530795
0.5290786086261289
0.999997584909175
0.9996606968335424
0.9999998110893357
0.9999979963884724
0.9996162021757425
0.9427322479299768
0.9980907988786438
0.9998487661590406
0.972162108438729
0.44588801058518246
0.152090295925232
0.9993496411128967
0.929450230763543
0.322025336801694
0.9998638118338334
0.9965844629542718
0.9999998969491688
0.9999998460684748
0.9995761021165657
0.4575404264667022
0.9964805535980299
0.9998772407771568
0.9753904918113617
0.9998708983868536
0.9999856843745496
0.9652861892494686
0.9998974125843781
0.9999962325689621
0.9999469273978929
0.9978143038623355
0.9848570108694061
0.9999989239279181
0.9983745304074652
0.9224195123706327
0.9999576985890819
0.9975413820398465
0.9981007482295167
0.9994327731332094
0.9887039206631061
0.349981583753371
0.3920542599036389
0.10946450447358591
0.99995873412667
0.9791027933998604
0.046723626219004014
0.9999993794211882
0.9979169466909572
0.9999999947553171
0.9999943687270366
0.3484459989578641
0.2787565534419374
0.35192288175349
0.9329295107798725
0.9865760254377804
0.9987012040691107
0.9958733002841971
0.9760101251967171
0.949819740211993
0.1609235153602556
0.9671606015799893
0.9983746450042057
0.9943394801433068
0.7259048954422981
0.9995564560457869
0.9834859198099937
0.9763725445463082
0.10421944775703278
0.07918063132176113
0.047981318976341183
0.8075046258952472
0.9838889222166656
0.9998138787380653
0.9999980895279004
0.9995264567172201
0.5932083626206169
0.9976758008571731
0.9999564407154236
0.5926814582405427
0.7364837849817967
0.9986861755435589
0.9945003262375273
0.9998686171059128
0.9999615964925795
0.9999175248457485
0.9895246138658953
0.9994846430247619
0.9747586982686328
0.9979497317343752
0.9999540573304317
0.6920319568149729
0.99933132309806
0.991531113893294
0.9998518757510532
0.9997092412620266
0.9986272842498841
0.9999999280757802
0.9999708598698308
0.9999530638895244
0.9994677448919626
0.9999969894747424
0.9868665686610177
0.999946152314255
0.9941787077061346
0.999992439593247
0.41386854195624756
0.9444234840592202
0.99833211156824
0.21557952435140762
0.9780992650012706
0.9990307209420933
0.9460499764200742
0.9998825482812663
0.99999619003469
0.9996860703494137
0.9972853908228138
0.9953313822477682
0.9999933853845281
0.7925883278340127
0.2397130358678705
0.9981478793657931
0.9943818025946654
0.9999931539164053
0.9984881190803896
0.9999981296698196
0.9989888384420985
0.9996494654927249
0.9658168644198685
0.9989573050441224
0.9999790216709402
0.9418812973759401
0.9993930303826891
0.9939887037083822
0.9976079198475419
0.9976375302811517
0.9999835643403864
0.9999999823578579
0.8352916118388822
0.993992679492387
0.9919086330371575
0.9999869625120199
0.9999977492006155
0.9998453142198974
0.9901979501971115
0.996889632279431
0.9998840048211661
0.9997787044213223
0.9996207997932617
0.9965902427132951
0.9999776697341729
0.9739289472206843
0.9868480415871269
0.8946710708607161
0.9935623773011839
0.9979356780573772
0.9999909264165318
0.9030808587076653
0.9999993915411219
0.998568766369963
0.9999969415182143
0.9987898137139704
0.9999984394345294
0.9998829342908531
0.9999985611435691
0.9766220469369176
0.9999971424486302
0.9999863711363387
0.9999572540292821
0.9999954568049984
0.9998578409343948
0.9999753930258939
0.9999838740741549
0.9994972872428514
0.999748736825229
0.9999233842885655
0.9939917269119085
0.9999544301053935
0.8697527784031756
0.993099067822404
0.8566327281941505
0.8925353200835024
0.9699815260137166
0.9860294667127044
0.9950795691888511
0.9913131208651969
0.5535415232725506
0.9999981104135887
0.9996256820845371
0.9986872770995991
0.9929138158858507
0.9999879961317613
0.999983289528609
0.5703658917484574
0.9991188822433104
0.9997088414057823
0.9971849186507927
0.9984771072984368
0.4731498479134924
0.998701804649352
0.9983044462395717
0.9990426794873687
0.9996598196532174
0.9999901452122072
0.9999981522264871
0.9967686908135776
0.9994026707705782
0.9964499821487439
0.14108643868629284
0.44393451440860365
0.976362618104512
0.1544095668355284
0.9999997028193027
0.737905420552014
0.07143597669393663
0.08067577639289439
0.3846676016203741
0.9998021436790052
0.9999851582784641
0.9999999090519244
0.9960570825713333
0.9991717829657193
0.9993876138070532
0.9967001630423392
0.9999991937811709
0.9631393241472139
0.9632587949763227
0.9996754287642184
0.5748769211921011
0.9014614635247318
0.9980309691911308
0.08940387741241577
0.9999998234182418
0.9185979407988037
0.12651286938002387
0.8984940982535045
0.9996591847691816
0.9999999918965529
0.9999997034714039
0.9994014369356311
0.9999434976865189
0.9988214708172244
0.9943590322934347
0.9999994210984934
0.9782314391527892
0.9949716052214347
0.9997495450613231
0.7113350893720924
0.8273989884219345
0.7607036009140636
0.0008106742053144972
0.8651974163870907
0.803131742716407
0.18364408065872073
0.6534313244639292
0.1261530207572233
0.05665570885887033
0.6500912866057821
0.9995393862191335
0.9999990334840037
0.999999596679049
0.9991127617818802
0.8761112118769888
0.9996989066037236
0.9629346676053913
0.9999924055149217
0.5446604811448582
0.5874235156812578
0.9882088563123735
0.9091372401664162
0.3927419699951665
0.31307886432053045
0.061187284153021076
0.12394678752375267
0.0863878531592776
0.7321596029448771
0.10897710852321704
0.1176460038721337
0.029459314372728317
0.9926184421892178
0.9977212165356479
0.9998911586630942
0.9999996639398744
0.9997956637119632
0.43708750780829764
0.9996780537044407
0.22605057019863553
0.9999502407601903
0.9984184005766538
0.8727804722754907
0.9988260209567531
0.9973952746192106
0.09279524182989436
0.7352313775016655
0.9963370593130791
0.9997296249835844
0.9977229994174153
0.9999437151581426
0.21778925963562432
0.8023144211991674
0.9814474847056895
0.9601168390485669
0.7130472214522281
0.9927771981963065
0.9827147671267309
0.9944955742563145
0.9878323130540702
0.9999162643052917
0.9993715139953492
0.9999997083692338
0.9999413119654892
0.9996339009287659
0.997312711484885
0.998050088315111
0.9999429396745404
0.9999940487390204
0.10734220190192999
0.9676381017842239
0.9916745114585113
0.9998360647158143
0.999959826960472
0.9963772331429022
0.9999990576099306
0.07853898178462618
0.1474730954955241
0.09142344558734085
0.9914367987119691
0.9817703571064772
0.9987941597030562
0.99997521855932
0.1990692655806747
0.9998825057816808
0.9996404345889399
0.9997852814317207
0.9989513412499329
0.9998930433227889
0.8743287586217602
0.9980886288674437
0.9271510859949545
0.09831740740921632
0.08758363173535191
0.05582624648771854
0.9466119674295695
0.9381791155712346
0.9887503968946195
0.9999247794105756
0.2429066462329944
0.8386723993990554
0.9998652895259734
0.9993895909417628
0.11912200497633949
0.9990167672308898
0.9667259841360696
0.99793837096087
0.9986494645286057
0.9991243690812711
0.03636096066387141
0.004240709784348635
0.04421152157620257
0.11309540710832004
0.1530568416771102
0.9913661323605805
0.17308624971621692
0.8618735522620854
0.3131622578045794
0.8287500693597565
0.6978162209504863
0.8983119335146852
0.008734220700350959
0.8105671398736807
0.020575549416319342
0.21331390715225668
0.06679122459317642
0.10175213791340715
0.8150077971262821
0.01463391993137595
0.07935847005833882
0.08300030813818236
0.01589966584931375
0.2996252138773848
0.10094922325444185
0.09287409662700935
0.13617441382831855
0.08429077016923835
0.09296056511708276
0.12285656301411145
0.7337273173909289
0.964894103065585
0.9806412237945156
0.516862817803808
0.9874381871751975
0.9997041519503332
0.9997254668634042
0.9943848146163875
0.9928291947073008
0.9999980144932001
0.9997464715210156
0.9995128409372324
0.9991997505239566
0.9995606287933358
0.9993258428313065
0.9860577752137032
0.9994581949340025
0.15311280875638744
0.9999937760830251
0.9999999605038767
0.9999582448494797
0.9999887936315656
0.9999976309364532
0.999926221680439
0.9998452872168713
0.999999933854356
0.9996498547523619
0.9985011057762638
0.9987509454341235
0.9999980108244235
0.9997279279838466
0.9178206704184689
0.999941223879327
0.9989434066756779
0.9973994052103987
0.997442832737498
0.9977635823582998
0.27323061346898114
0.9560595493249037
0.9956849205131341
0.9999554593362711
0.9981884397238178
0.9994885406399087
0.007317004996542937
0.7400363675877376
0.5820714868319891
0.0870430601588946
0.8985503310913276
0.610242147239069
0.13830149091680227
0.9294382213223839
0.9750945310153303
0.9999294120708622
0.999740134447911
0.19685746037870294
0.8574343672231209
0.9996270614838614
0.999648646359709
0.9999997956739244
0.999999992788964
0.9369635563930706
0.9818013043623022
0.9995181534946251
0.9900829220712561
0.8553589635708185
0.9998221764760061
0.9988377295481873
0.9998355813888526
0.9823301327063161
0.9999573255913227
0.9988166717814473
0.999997747712799
0.9998448293271975
0.9997364044414805
0.996270300276601
0.9942919771005394
0.9997888396340523
0.9999983024574611
0.8703515303215884
0.9979854693598376
0.9973498802753252
0.9928273819755749
0.9803205010939895
0.9972043437822699
0.9999261245999265
0.8708192603976312
0.9937425622890081
0.997778851931541
0.9944814375393872
0.9986440025726662
0.9674410572117701
0.9972845748863866
0.8432686958004031
0.999983871756234
0.999999807720578
0.9999392991491103
0.9999810680760505
0.9999990644508268
0.9999711733181058
0.9993965945735567
0.9999999739047531
0.9997829100958722
0.9996826718741926
0.9998787006324856
0.9999973816532166
0.9998815355496801
0.9415359870010451
0.9999769437716026
0.9993009728335397
0.9965477514336857
0.9960476588897502
0.998340266939631
0.0737075843667459
0.10342052195064334
0.859977097318482
0.10393248306820436
0.6219649941633314
0.07424475050093537
0.4566516914900657
0.40519934658222156
0.5552552476303425
0.986815465487216
0.8660612236667687
0.021190010587076594
0.070583980856588
0.6114095803868789
0.9934641883103447
0.9996891736439649
0.9994102576989778
0.9947503805932942
0.933847494723589
0.9993200621379137
0.999024027736489
0.07645417999271424
0.48504057951551194
0.9836179301486849
0.9252065466447666
0.9589432126812538
0.8056108818225423
0.9996326291081212
0.9995993899505817
0.9893195632392243
0.9963106401542631
0.19408415648986566
0.08808267609331802
0.01608615654403487
0.9781989015480906
0.999541770557982
0.9999999694140786
0.9999999774030502
0.9999965327396192
0.9816323243916508
0.9999705551647
0.9993943889493541
0.14427885325207823
0.7268402358232955
0.9910057862163777
0.9982008377524407
0.9953744031122116
0.963694361163121
0.9649069795851373
0.9966961369945743
0.9565805456494171
0.8491025020489343
0.1585500819844194
0.13090355233315984
0.0040720078928619535
0.16590773176768506
0.08284279404734408
0.09693871161843419
0.08149051214016882
0.19205063335420214
0.06846108470893714
0.09764264317463896
0.9271742058712535
0.9929073552722012
0.986632285362243
0.01816233857267129
0.20720352608036924
0.9429373825245599
0.12593321867248405
0.13260483440378376
0.22822014134342422
0.5678884515886301
0.20992710112001117
0.3000636429168135
0.6608578212867585
0.6547952928207816
0.12348968814396377
0.15512801618287925
0.22663287564532233
0.053442475696966994
0.5131266043280315
0.9710250814442278
0.15627316013927253
0.8959737402792365
0.3782391093793846
0.8357398473501376
0.47446287706425033
0.8785114174779319
0.1254050823787764
0.8400145100350397
0.7723080384624202
0.0045767778504557976
0.11146992783963786
0.2287939748915201
0.3076014990360424
0.16341394141422555
0.11843404533224357
0.8852122095038653
0.9995607618744481
0.9825365212036686
0.004783582169660395
0.01577792742524603
0.017646374929274674
0.02516837297042377
0.1065299800497885
0.05050184666610471
0.1095826329337441
0.037474898824711576
0.06684421194341199
0.0925531777884906
0.12225349540684156
0.0992536508169597
0.1218450458916715
0.401265244939472
0.994583158341214
0.9705733116576136
0.0750284385000434
0.5515763745916462
0.9847351436953717
0.09939732222418378
0.1038274970843861
0.48394461495607566
0.9752128525259297
0.9999747035992027
0.9998733799150409
0.9988008963871181
0.17738712196092377
0.9991383807185775
0.9983354748576715
0.8193289428978723
0.9520341369288132
0.9793088460825183
0.5196310406713982
0.9626551786718603
0.9971196905024508
0.9986187149503541
0.9934416297295517
0.9903941166413952
0.936476704229417
0.4283051479341322
0.9976005217448743
0.9997195847090887
0.7104222256828768
0.997600552658722
0.9866719269449145
0.1707138264498088
0.06894374360626784
0.3731630127651569
0.997988511204583
0.9999992350164265
0.9999999912982228
0.999701608365486
0.9671566856010755
0.9999768557286098
0.9999595280714685
0.998606269996277
0.999970492062887
0.9999963808731914
0.999677308049749
0.9998633461638865
0.9999967189580624
