100
100
100
100
100
100
100
100
100
100
100
100
100
100
100
100
100
100
100
100
100
100
100
100
100
100
100
100
100
100
100
100
100
100
100
100
100
100
100
100
100
100
100
100
100
100
100
100
100
100
0.32333890420289674
0.9006322818197494
0.9605208466011708
0.9999902103304427
0.9999787634527381
0.9997533572447667
0.08787678227057738
0.9999999994419491
0.9999995928638706
0.6478040375284031
0.9986124376657877
0.9999828896223294
0.998456338000509
0.9999748828348385
0.9999891128222328
0.999992586589343
0.9998886152007682
0.9967353619436353
0.9999992348331757
0.9999080722200598
0.953642540306959
0.9999804737150321
0.9989668949094932
0.9962415599902459
0.9957263235721069
0.9888438291095896
0.08509972825100985
0.8039861378279339
0.9244407385060447
0.9991623369740761
0.010378745968351961
0.15239736564111653
0.9939901787297254
0.2071542558364429
0.09130738822107992
0.10483131158719684
0.0056522883338935926
0.970197259447643
0.9993733599750206
0.999997757343328
0.9999999898682589
0.9995786395867571
0.9331940035108647
0.9999788038950612
0.9995352051534053
0.08182880101087504
0.9714127361909379
0.9874318094209967
0.9964882766458572
0.9476874159506705
0.9997830433319473
0.07299351497434106
0.06339817920477897
0.5466361940539436
0.9993595998429264
0.9999967196122352
0.999999914815931
0.9992723366718107
0.5752925665522086
0.9988593085930686
0.9995975091005582
0.022863904830834263
0.3134971648915751
0.7793910151855926
0.8584241159525889
0.8771060733573222
0.9974925003471452
0.821322006665744
0.6572867636627192
0.8527867907857478
0.8417122527486308
0.7480759683189385
0.9849707884110097
0.8135473648651792
0.9586129232191778
0.0056011727853757
0.9904294132887627
0.6270043196931816
0.00800991888689283
0.7164751558129878
0.05896233817743061
0.3223992626822923
0.8086463981688918
0.7113326602958727
0.3124273352239364
0.12152298084455236
0.008743175707440598
0.1972550336611397
0.9038497985971207
0.03395578367617796
0.15400443662507096
0.09547017780572865
0.052140786537511
0.06160803699120792
0.07790783712256545
0.09646070358407831
0.08543285352387175
0.2578754632029268
0.32402123977290387
0.9999844323878162
0.9999976538068531
0.9325149318838136
0.9995370828617709
0.9999157300075318
0.9999259112185155
0.9999214553690862
0.9999980533877783
0.9948207559285414
0.9971701814270735
0.999451008435055
0.999988784991421
0.9978879146794732
0.898884829865239
0.9996390262914897
0.9982557792659676
0.9973206061624657
0.9974609129494664
0.9985909326190506
0.10204961536241286
0.33814345616817476
0.8567471759862251
0.9878320561457483
0.9989989486321409
0.9979458714570393
0.9950221815409901
0.8803916354510425
0.9629955221748557
0.9958388964027741
0.9996552893480549
0.9976798875461047
0.9980471133122976
0.9998052038937019
0.9996984677547566
0.9996931541485073
0.9987990866952334
0.9970926135423196
0.9973202282430811
0.9996675284085776
0.9991238574280042
0.9999863389367762
0.9999953442347853
0.8310847608750652
0.9999642182846871
0.9999893952321617
0.9999326914759005
0.9999992631159805
0.9998141888071193
0.9987245280375115
0.03421773000205905
0.06995902755070388
0.11250340901840147
0.19435905519564242
0.9672663036563888
0.9998169133293144
0.9999569722078836
0.9999130109154096
0.9999951746993939
0.9998855457188796
0.9999999957423327
0.9999988925420288
0.9999464954403222
0.9999938613285186
0.9998455463902761
0.9998299290996431
0.9999961566777699
0.9997471294862253
0.9997019269056897
0.9999999583689503
0.9999994033806323
0.9995393495944825
0.9998109706613622
0.9999999324537453
0.9979990258391565
0.9857961708001677
0.9999629396402664
0.9989749900131721
0.987246636939867
0.9981491820271988
0.9975542701550666
0.19895263726964876
0.9778673063296804
0.9987870664647434
0.9988145071001417
0.998330980735742
0.9997134423199006
0.9107440230333802
0.07379538538800344
0.09888005811589286
0.1922984952469642
0.9901228289995918
0.9947795902405266
0.9995823590486365
0.9986817224072647
0.9343429840951673
0.9955150158569024
0.9999993472096191
0.6967322799699313
0.9976507195529531
0.9956991546881584
0.9988352438189786
0.9989496363426842
0.9997924991305117
0.9998770164110272
0.9965974094038913
0.9971832776841255
0.9991805737302858
0.9996568958682784
0.9986407885237487
0.9961982535878554
0.9997129887577304
0.9993415379914362
0.999872160756105
0.9983350243335897
0.9958574408391349
0.994917246656396
0.9998964509087643
0.9762686972231877
0.9982910784112428
0.9999825003871842
0.9977608100235217
0.9999978782966105
0.9993887513562455
0.9999961301316626
0.9999854484301599
0.9995222020722312
0.9999895266242849
0.9986145051369553
0.9998882523126414
0.9999620007718458
0.9983121221730407
0.9998948757525763
0.9999999805518595
0.9999996056404344
0.999895205367766
0.9999536084369622
0.9999999905107498
0.9996467113048106
0.9819717425109656
0.9999972445189664
0.999609022758015
0.9765308377939875
0.9981187969687902
0.9934867640869667
0.010325305219318263
0.9755330284667989
0.3096488738958211
0.9992652410107762
0.2872367129540244
0.09577197852771394
0.07861955952841454
0.07010354855459337
0.9823930988576721
0.8686663964648601
0.9975529607886143
0.9964702894334959
0.9989694602488925
0.2797115137966656
0.08144125624080878
0.11068280286628601
0.5431219762105426
0.9518724075589328
0.9999931473309386
0.9997705533293109
0.9906856412776377
0.11321291281990473
0.11463665221360367
0.0964078971897375
0.9730287579287779
0.9889114010968659
0.9999642487450824
0.9999045752983134
0.996825147070183
0.1641958996909387
0.12070988942959632
0.11209329261949776
0.9887825280757504
0.9762260758289706
0.9999467230500155
0.9999989397060187
0.9782546907714276
0.20404387714810968
0.11801884140455153
0.10441275824310915
0.9917730983045457
0.996792446598693
0.999994000009904
0.9999999776506212
0.9344008280950323
0.08932064852396583
0.10580927791825974
0.11036893321703531
0.9963031685861908
0.9674186575504438
0.9999786967526337
0.9999999738263294
0.9824475168334393
0.20028060306319156
0.995783501825475
0.7288747631177722
0.9989601424245891
0.9590412080218415
0.015024344759170718
0.6773634866903069
0.7623654000234958
0.985736896319429
0.9726537374556739
0.9953619082484815
0.9978774272215849
0.9979820546574572
0.9999078713429738
0.9926069239836735
0.9999919837493367
0.9990363482560741
0.9999600759036681
0.18902431864400576
0.0021082750950566546
0.423691447366108
0.9992012675432045
0.9996280146377213
0.758950611989326
0.999915228801978
0.999902456980931
0.9997169753400027
0.9990035228226734
0.9999951651861194
0.9996013032585036
0.9985797892091912
0.9993419939709217
0.9999990188061183
0.9989651759449264
0.0853866303831454
0.9969486698360863
0.1341631860524518
0.0900569154296216
0.05300325731145134
0.51205496261104
0.16294856722914475
0.07510715050871576
0.07579543087766374
0.3806368449915954
0.007305107155679134
0.01173749806300679
0.3011264281679657
0.07175960589799163
0.5029057752972083
0.7095379515391677
0.21835287455087554
0.23389464059278509
0.18660704066618283
0.980369317627238
0.9985825538724848
0.9999582499491655
0.9999781460570109
0.9888982072200972
0.05022305347824776
0.1125685331247265
0.108527655551516
0.9859125014506124
0.9995153816408326
0.99999980653201
0.9999993961740004
0.9770825264462456
0.12125253767449368
0.09087325218359567
0.10176553281334302
0.9920022606079861
0.9972107167356256
0.9999986362509438
0.9999998093453096
0.9591376687004672
0.16880307333083633
0.08818322110770442
0.11811044390819
0.9850728024380481
0.9999743289643475
0.9999999970734808
0.9999999986423114
0.19748293921235496
0.9998954498643089
0.9997832774522704
0.6688368762559518
0.999989365998401
0.9914641772532001
0.999964033589891
0.2689673125466902
0.1317717698527555
0.07476321224983958
0.9388894635186513
0.9999598778125033
0.9996784400320538
0.9966976499002002
0.12310096658528775
0.09886446011210755
0.051866383389000674
0.9998700830044068
0.9994547597112255
0.9999999353044573
0.9999981100483559
0.9953779011342916
0.2789029778924799
0.11248128731305707
0.3571332128352776
0.9838511873581632
0.9983410810493765
0.9999967045247136
0.9999938148051196
0.9909290985209022
0.12044222572615702
0.1374598997605872
0.10909186352080068
0.98544453131743
0.9921863772407911
0.9999917682112177
0.999920220892064
0.9945893959249803
0.15419566147413638
0.14464215411517736
0.1048053495183792
0.9719362312369696
0.9888089432971253
0.9999979244577727
0.9999979898090225
0.9903085219977057
0.03668724669715267
0.12216543258287434
0.10408470617535168
0.9988421544627637
0.9984242582544316
0.9999852254254655
0.9999980961611612
0.9026265457531231
0.08318098408628281
0.0918562460377703
0.09919417671711067
0.9603735078299451
0.9754583343827533
0.9994185996319314
0.9999802618983303
0.4593372131618836
0.12376121305904549
0.09760789887425753
0.12876285388252648
0.0019456693158598796
0.9739647064103168
0.9784104547901303
0.99515914632665
0.9999706288790882
0.6906450436890526
0.11684587687336698
0.09110545240968612
0.10465913591608302
0.8497256998280076
0.9675960610983939
0.9994262630948754
0.9999939126689754
0.4364218576722892
0.9990220625156687
0.9983892606800492
0.01456750500786977
0.0005975116912525071
0.7734168101435448
0.25979292673438514
0.16404969652772627
0.6832164371580082
0.7512221617678444
0.9989651484415473
0.17847092055799632
0.06393319506062997
0.6351400890565454
0.6719103074564559
0.999823974142916
0.9952313254290254
0.9999307538538089
0.4113550386560753
0.21701808399409847
0.4896184713320176
0.02289818249515861
0.08486096194552033
0.7970721869635183
0.9680922452152657
0.9999999132984163
0.9999999855536272
0.9998755151912243
0.05085414215769621
0.12975802546125045
0.802217510244183
0.9879565595917024
0.9999999747480242
0.9999999021098815
0.9979724372996243
0.5979682938256938
0.9978073646637622
0.9330562631599555
0.9998689617637891
0.9975480432215056
0.04278921331987139
0.8452573683808116
0.9831163038120354
0.9977790868501537
0.7181821640716212
0.9435811321825186
0.3066163921257304
0.6259617984182593
0.9803214175557717
0.9986946905204231
0.8224720173500092
0.9694143657852783
0.987242980787411
0.9021502633432074
0.9175232836078334
0.9816972699498409
0.9835304040828361
0.998920188316671
0.9999884976330625
0.9996652374547571
0.4229949022089621
0.9164608686682064
0.9998645447382547
0.20666318960162733
0.1219029671797846
0.5163148953096369
0.9980750251367491
0.9999999262583236
0.9999999912617145
0.9999937449018033
0.932812400165073
0.9967033196053908
0.9997545377806881
0.8905471772627119
0.9967387269196705
0.08530915916827705
0.9919603646620575
0.1269832130309623
0.09907240285801541
0.16332356654845825
0.9864477212143444
0.8757246960279238
0.9974832514582602
0.9999906128448228
0.9789360617604251
0.9990231061742855
0.9999774500635746
0.07041505506262583
0.08018163443958934
0.6780156367970299
0.9990643817952332
0.999855213288499
0.9999997411636864
0.9988782428932446
0.9687483720285291
0.9999992222805001
0.9999733657487083
0.9965704073427267
0.9999968722813267
0.9999927787389112
0.9998857450587516
0.9997221294494639
0.999997550371541
