100
100
100
100
100
100
100
100
100
100
100
100
100
100
100
100
100
100
100
100
100
100
100
100
100
100
100
100
100
100
100
100
100
100
100
100
100
100
100
100
100
100
100
100
100
100
100
100
100
100
1.0
1.0
0.999999989475379
0.8711340615483428
0.9999917972991473
0.9698745778821368
0.9799728936949242
0.999999999996632
1.0
1.0
1.0
1.0
1.0
1.0
0.9999948602313858
1.0
1.0
0.9999395809883522
0.8885603857584807
0.9999997812150578
0.9774756039012588
0.9625205265583934
0.9999999999993233
1.0
1.0
1.0
1.0
1.0
1.0
0.9999958559670795
1.0
1.0
0.9999689935793278
0.8283036341673159
0.9999998865130236
0.9713722832519458
0.9617311112714544
0.9999999999986504
1.0
1.0
1.0
1.0
1.0
1.0
0.9999981834679494
1.0
1.0
0.9999901392464151
0.8661636099043347
0.9999995335023639
0.9729790979536441
0.9589653157765209
0.9999999999987355
1.0
1.0
1.0
1.0
1.0
1.0
0.9999981834679494
1.0
1.0
0.9999901392464151
0.8661636099043347
0.9999995335023639
0.9729790979536441
0.9589653157765209
0.9999999999987355
1.0
1.0
1.0
1.0
1.0
1.0
0.9999981834679494
1.0
1.0
0.9999901392464151
0.8661636099043347
0.9999995335023639
0.9729790979536441
0.9589653157765209
0.9999999999987355
1.0
1.0
1.0
1.0
1.0
1.0
0.9999981834679494
1.0
1.0
0.9999901392464151
0.8661636099043347
0.9999995335023639
0.9729790979536441
0.9589653157765209
0.9999999999987355
1.0
1.0
1.0
1.0
1.0
1.0
0.9999981834679494
1.0
1.0
0.9999901392464151
0.8661636099043347
0.9999995335023639
0.9729790979536441
0.007618307402513006
0.9999999970374863
1.0
1.0
1.0
1.0
1.0
1.0
0.9999883826127038
1.0
1.0
0.9999920978761165
0.8244618701826362
0.999999739551102
0.9721949121629982
0.951265637356351
0.999999999999266
1.0
1.0
1.0
1.0
1.0
1.0
0.9999944519055982
1.0
1.0
0.9999937704763238
0.8604109710934006
0.9999996912224136
0.9734045079231828
0.9599741585636673
0.9999999999991968
1.0
1.0
1.0
1.0
1.0
1.0
0.9999984826912729
1.0
1.0
0.9999926788659707
0.09443490017494899
0.9999959535031657
0.9462754786206565
0.8485377222915883
0.9999999996370613
1.0
1.0
1.0
1.0
1.0
1.0
0.9999999007393836
1.0
1.0
0.9999882684702356
0.9674207471536537
0.9999999988817988
0.9732105921941503
0.9192998123592685
0.999999999994529
1.0
1.0
1.0
1.0
1.0
1.0
0.9999985442242557
1.0
1.0
0.9999746635268917
0.8055799369169376
0.9999998745334353
0.9692878700718808
0.9540820441976529
0.9999999999989273
1.0
1.0
1.0
1.0
1.0
1.0
0.9999902592510231
1.0
1.0
0.9998917950688891
0.7859167765610453
0.9999999525577681
0.9677236318001562
0.9545241448561685
0.9999999999987457
1.0
1.0
1.0
1.0
1.0
1.0
0.9999981834679494
1.0
1.0
0.9999901392464151
0.8661636099043347
0.9999995335023639
0.9729790979536441
0.9589653157765209
0.9999999999987355
1.0
1.0
1.0
1.0
1.0
1.0
0.9999981834679494
1.0
1.0
0.9999901392464151
0.8661636099043347
0.9999995335023639
0.9729790979536441
0.9589653157765209
0.9999999999987355
1.0
1.0
1.0
1.0
1.0
1.0
0.9999981834679494
1.0
1.0
0.9999901392464151
0.8661636099043347
0.9999995335023639
0.9729790979536441
0.9589653157765209
0.9999999999987355
1.0
1.0
1.0
1.0
1.0
1.0
0.9999981834679494
1.0
1.0
0.9999901392464151
0.8661636099043347
0.9999995335023639
0.9729790979536441
0.9589653157765209
0.9999999999987355
1.0
1.0
1.0
1.0
1.0
1.0
0.9999981834679494
1.0
1.0
0.9999901392464151
0.8661636099043347
0.9999995335023639
0.9729790979536441
0.9589653157765209
0.9999999999987355
1.0
1.0
1.0
1.0
1.0
1.0
0.9999981834679494
1.0
1.0
0.9999901392464151
0.8661636099043347
0.9999995335023639
0.9729790979536441
0.9589653157765209
0.9999999999987355
1.0
1.0
1.0
1.0
1.0
1.0
0.9999981834679494
1.0
1.0
0.9999901392464151
0.8661636099043347
0.9999995335023639
0.9729790979536441
0.9589653157765209
0.9999999999987355
1.0
1.0
1.0
1.0
1.0
1.0
0.9999981834679494
1.0
1.0
0.9999901392464151
0.8661636099043347
0.9999995335023639
0.9729790979536441
0.9589653157765209
0.9999999999987355
1.0
1.0
1.0
1.0
1.0
1.0
0.9999981834679494
1.0
1.0
0.9999901392464151
0.8661636099043347
0.9999995335023639
0.9729790979536441
0.9589653157765209
0.9999999999987355
1.0
1.0
1.0
1.0
1.0
1.0
0.9999981834679494
1.0
1.0
0.9999901392464151
0.8661636099043347
0.9999995335023639
0.9729790979536441
0.9589653157765209
0.9999999999987355
1.0
1.0
1.0
1.0
1.0
1.0
0.9999981834679494
1.0
1.0
0.9999901392464151
0.09516135143969898
0.9999969174461569
0.9428697838942051
0.8330771857707917
0.9999999994822822
1.0
1.0
1.0
1.0
1.0
1.0
0.9999999007393836
1.0
1.0
0.9999882684702356
0.9674207471536537
0.9999999988817988
0.9732105921941503
0.9192998123592685
0.999999999994529
1.0
1.0
1.0
1.0
1.0
1.0
0.9999985442242557
1.0
1.0
0.9999746635268917
0.8055799369169376
0.9999998745334353
0.9692878700718808
0.9540820441976529
0.9999999999989273
1.0
1.0
1.0
1.0
1.0
1.0
0.9999902592510231
1.0
1.0
0.9998917950688891
0.7859167765610453
0.9999999525577681
0.9677236318001562
0.9545241448561685
0.9999999999987457
1.0
1.0
1.0
1.0
1.0
1.0
0.9999981834679494
1.0
1.0
0.9999901392464151
0.09516135143969898
0.9999969174461569
0.9428697838942051
0.8330771857707917
0.9999999994822822
1.0
1.0
1.0
1.0
1.0
1.0
0.9999999007393836
1.0
1.0
0.9999882684702356
0.9674207471536537
0.9999999988817988
0.023284451833169
0.7843462509290043
0.9999999999996403
1.0
1.0
0.9999999999999998
1.0
1.0
0.9999999097441691
1.0
1.0
0.9999848368922447
0.8929498100836262
0.9999975495657872
0.9708303816895646
0.9789886431170132
0.9999999999996906
0.9999999999999999
1.0
1.0
1.0
1.0
1.0
0.9999843353877281
1.0
1.0
0.9999318644735604
0.8384119557009589
0.9999998920879851
0.9739073150259532
0.9590722318289592
0.9999999999990575
1.0
1.0
1.0
1.0
1.0
1.0
0.9999959776449908
1.0
1.0
0.9998139642571973
0.8502231888523222
0.9999997552505493
0.976256248596536
0.9661424922102817
0.9999999999993956
1.0
1.0
1.0
1.0
1.0
1.0
0.9999981834679494
1.0
1.0
0.9999901392464151
0.8661636099043347
0.9999995335023639
0.9729790979536441
0.9589653157765209
0.9999999999987355
1.0
1.0
1.0
1.0
1.0
1.0
0.9999981834679494
1.0
1.0
0.9999901392464151
0.8661636099043347
0.9999995335023639
0.9729790979536441
0.9589653157765209
0.9999999999987355
1.0
1.0
1.0
1.0
1.0
1.0
0.9999981834679494
1.0
1.0
0.9999901392464151
0.8661636099043347
0.9999995335023639
0.9729790979536441
0.9589653157765209
0.9999999999987355
1.0
1.0
1.0
1.0
1.0
1.0
0.9999981834679494
1.0
1.0
0.9999901392464151
0.8661636099043347
0.9999995335023639
0.9729790979536441
0.9589653157765209
0.9999999999987355
1.0
1.0
1.0
1.0
1.0
1.0
0.9999981834679494
1.0
1.0
0.9999901392464151
0.8661636099043347
0.9999995335023639
0.9729790979536441
0.9589653157765209
0.9999999999987355
1.0
1.0
1.0
1.0
1.0
1.0
0.9999981834679494
1.0
1.0
0.9999901392464151
0.8661636099043347
0.9999995335023639
0.9729790979536441
0.006296002909530057
0.9999999867064864
1.0
1.0
1.0
1.0
1.0
1.0
0.9999984465855951
1.0
1.0
0.9999924641018225
0.8960484046707066
0.9999998607671545
0.9725311104670632
0.9518805163820075
0.9999999999994226
1.0
1.0
1.0
1.0
1.0
1.0
0.9999954831957447
1.0
1.0
0.9999923285072406
0.8474833645974368
0.9999995069644324
0.9732635043394987
0.963165419053338
0.9999999999990425
1.0
1.0
1.0
1.0
1.0
1.0
0.9999982519328892
1.0
1.0
0.9999910656140336
0.8707568331420633
0.9999993556176013
0.9740549484020582
0.9637493311022169
0.9999999999989326
1.0
1.0
1.0
1.0
1.0
1.0
0.9999981834679494
1.0
1.0
0.9999901392464151
0.09516135143969898
0.9999969174461569
0.9428697838942051
0.8330771857707917
0.9999999994822822
1.0
1.0
1.0
1.0
1.0
1.0
0.9999999007393836
1.0
1.0
0.9999882684702356
0.9674207471536537
0.9999999988817988
0.9732105921941503
0.9192998123592685
0.999999999994529
1.0
1.0
1.0
1.0
1.0
1.0
0.9999985442242557
1.0
1.0
0.9999746635268917
0.8055799369169376
0.9999998745334353
0.9692878700718808
0.9540820441976529
0.9999999999989273
1.0
1.0
1.0
1.0
1.0
1.0
0.9999902592510231
1.0
1.0
0.9998917950688891
0.7859167765610453
0.9999999525577681
0.9677236318001562
0.9545241448561685
0.9999999999987457
1.0
1.0
1.0
1.0
1.0
1.0
0.9999981834679494
1.0
1.0
0.9999901392464151
0.8661636099043347
0.9999995335023639
0.9729790979536441
0.9589653157765209
0.9999999999987355
1.0
1.0
1.0
1.0
1.0
1.0
0.9999981834679494
1.0
1.0
0.9999901392464151
0.8661636099043347
0.9999995335023639
0.9729790979536441
0.9589653157765209
0.9999999999987355
1.0
1.0
1.0
1.0
1.0
1.0
0.9999981834679494
1.0
1.0
0.9999901392464151
0.8661636099043347
0.9999995335023639
0.9729790979536441
0.9589653157765209
0.9999999999987355
1.0
1.0
1.0
1.0
1.0
1.0
0.9999981834679494
1.0
1.0
0.9999901392464151
0.8661636099043347
0.9999995335023639
0.9729790979536441
0.9589653157765209
0.9999999999987355
1.0
1.0
1.0
1.0
1.0
1.0
0.9999981834679494
1.0
1.0
0.9999901392464151
0.8661636099043347
0.9999995335023639
0.9729790979536441
0.9589653157765209
0.9999999999987355
1.0
1.0
1.0
1.0
1.0
1.0
0.9999981834679494
1.0
1.0
0.9999901392464151
0.8661636099043347
0.9999995335023639
0.9729790979536441
0.9589653157765209
0.9999999999987355
1.0
1.0
1.0
1.0
1.0
1.0
0.9999981834679494
1.0
1.0
0.9999901392464151
0.8661636099043347
0.9999995335023639
0.9729790979536441
0.02151566667644339
0.9999997830212284
1.0
1.0
1.0
1.0
1.0
1.0
0.9999285756240377
1.0
1.0
0.9999872278699382
0.8201799178071978
0.999999895490653
0.9705438126271115
0.9501643536560472
0.9999999999990968
1.0
1.0
1.0
1.0
1.0
1.0
0.9999968261753834
1.0
1.0
0.9999932560293266
0.8709837590435057
0.9999996938612274
0.973925408419433
0.9561436252196146
0.9999999999986865
1.0
1.0
1.0
1.0
1.0
1.0
0.9999986212866345
1.0
1.0
0.9999938390576167
0.8751150066009272
0.9999993968524223
0.974409768796784
0.9625897691473239
0.9999999999990375
1.0
1.0
1.0
1.0
1.0
1.0
0.9999981834679494
1.0
1.0
0.9999901392464151
0.8661636099043347
0.9999995335023639
0.9729790979536441
0.9589653157765209
0.9999999999987355
1.0
1.0
1.0
1.0
1.0
1.0
0.9999981834679494
1.0
1.0
0.9999901392464151
0.8661636099043347
0.9999995335023639
0.9729790979536441
0.9589653157765209
0.9999999999987355
1.0
1.0
1.0
1.0
1.0
1.0
0.9999981834679494
1.0
1.0
0.9999901392464151
0.8661636099043347
0.9999995335023639
0.9729790979536441
0.9589653157765209
0.9999999999987355
1.0
1.0
1.0
1.0
1.0
1.0
0.9999981834679494
1.0
1.0
0.9999901392464151
0.8661636099043347
0.9999995335023639
0.023831266380816157
0.1753761666829499
0.999999999999959
1.0
1.0
1.0
1.0
1.0
0.9999999999959559
0.9997651968351405
1.0
1.0
0.9999973586667044
0.7855984196564503
0.9999992312456697
0.9619160574855132
0.9740206039766796
0.999999999990443
0.9999999999999999
1.0
1.0
1.0
1.0
1.0
0.999998294630553
1.0
1.0
0.9999943630891585
0.859637297464687
0.9999993770749075
0.973393520714354
0.9682097802549752
0.9999999999988264
1.0
1.0
1.0
1.0
1.0
1.0
0.999997664854796
1.0
1.0
0.9999864935100969
0.8533233264290316
0.9999996181023697
0.9726616586415996
0.9640423845759039
0.9999999999991497
1.0
1.0
1.0
1.0
1.0
1.0
0.9999981834679494
1.0
1.0
0.9999901392464151
0.8661636099043347
0.9999995335023639
0.9729790979536441
0.9589653157765209
0.9999999999987355
1.0
1.0
1.0
1.0
1.0
1.0
0.9999981834679494
1.0
1.0
0.9999901392464151
0.8661636099043347
0.9999995335023639
0.9729790979536441
0.9589653157765209
0.9999999999987355
1.0
1.0
1.0
1.0
1.0
1.0
0.9999981834679494
1.0
1.0
0.9999901392464151
0.8661636099043347
0.9999995335023639
0.9729790979536441
0.9589653157765209
0.9999999999987355
1.0
1.0
1.0
1.0
1.0
1.0
0.9999981834679494
1.0
1.0
0.9999901392464151
0.8661636099043347
0.9999995335023639
0.9729790979536441
0.9589653157765209
0.9999999999987355
1.0
1.0
1.0
1.0
1.0
1.0
0.9999981834679494
1.0
1.0
0.9999901392464151
0.8661636099043347
0.9999995335023639
0.9729790979536441
0.9589653157765209
0.9999999999987355
1.0
1.0
1.0
1.0
1.0
1.0
0.9999981834679494
1.0
1.0
0.9999901392464151
0.8661636099043347
0.9999995335023639
0.9729790979536441
0.9589653157765209
0.9999999999987355
1.0
1.0
1.0
1.0
1.0
1.0
0.9999981834679494
1.0
1.0
0.9999901392464151
0.8661636099043347
0.9999995335023639
0.9729790979536441
0.9589653157765209
0.9999999999987355
1.0
1.0
1.0
1.0
1.0
1.0
0.9999981834679494
1.0
1.0
0.9999901392464151
0.8661636099043347
0.9999995335023639
0.9729790979536441
0.9589653157765209
0.9999999999987355
1.0
1.0
1.0
1.0
1.0
1.0
0.9999981834679494
1.0
1.0
0.9999901392464151
0.09516135143969898
0.9999969174461569
0.9428697838942051
0.8330771857707917
0.9999999994822822
1.0
1.0
1.0
1.0
1.0
1.0
0.9999999007393836
1.0
1.0
0.9999882684702356
0.9674207471536537
0.9999999988817988
0.9732105921941503
0.9192998123592685
0.999999999994529
1.0
1.0
1.0
1.0
1.0
1.0
0.9999985442242557
1.0
1.0
0.9999746635268917
0.8055799369169376
0.9999998745334353
0.9692878700718808
0.9540820441976529
0.9999999999989273
1.0
1.0
1.0
1.0
1.0
1.0
0.9999902592510231
1.0
1.0
0.9998917950688891
0.7859167765610453
0.9999999525577681
0.9677236318001562
0.9545241448561685
0.9999999999987457
1.0
1.0
1.0
1.0
1.0
1.0
0.9999981834679494
1.0
1.0
0.9999901392464151
0.8661636099043347
0.9999995335023639
0.9729790979536441
0.9589653157765209
0.9999999999987355
1.0
1.0
1.0
1.0
1.0
1.0
0.9999981834679494
1.0
1.0
0.9999901392464151
0.8661636099043347
0.9999995335023639
0.9729790979536441
0.9589653157765209
0.9999999999987355
1.0
1.0
1.0
1.0
1.0
1.0
0.9999981834679494
1.0
1.0
0.9999901392464151
0.8661636099043347
0.9999995335023639
0.9729790979536441
0.9589653157765209
0.9999999999987355
1.0
1.0
1.0
1.0
1.0
1.0
0.9999981834679494
1.0
1.0
0.9999901392464151
0.8661636099043347
0.9999995335023639
0.9729790979536441
0.9589653157765209
0.9999999999987355
1.0
1.0
1.0
1.0
1.0
1.0
0.9999981834679494
1.0
1.0
0.9999901392464151
0.8661636099043347
0.9999995335023639
0.9729790979536441
0.9589653157765209
0.9999999999987355
1.0
1.0
1.0
1.0
1.0
1.0
0.9999981834679494
1.0
1.0
0.9999901392464151
0.8661636099043347
0.9999995335023639
0.9729790979536441
0.9589653157765209
0.9999999999987355
1.0
1.0
1.0
1.0
1.0
1.0
0.9999981834679494
1.0
1.0
0.9999901392464151
0.8661636099043347
0.9999995335023639
0.9729790979536441
0.9589653157765209
0.9999999999987355
1.0
1.0
1.0
1.0
1.0
1.0
0.9999981834679494
1.0
1.0
0.9999901392464151
0.8661636099043347
0.9999995335023639
0.9729790979536441
0.007618307402513006
0.9999999970374863
1.0
1.0
1.0
1.0
1.0
1.0
0.9999883826127038
1.0
1.0
0.9999920978761165
0.8244618701826362
0.999999739551102
0.9721949121629982
0.951265637356351
0.999999999999266
1.0
1.0
1.0
1.0
1.0
1.0
0.9999944519055982
1.0
1.0
0.9999937704763238
0.8604109710934006
0.9999996912224136
0.9734045079231828
0.9599741585636673
0.9999999999991968
1.0
1.0
1.0
1.0
1.0
1.0
0.9999984826912729
1.0
1.0
0.9999926788659707
0.8683511699724192
0.999999379937551
0.9742512332872109
0.9651440708783934
0.9999999999991626
1.0
1.0
1.0
1.0
1.0
1.0
0.9999981834679494
1.0
1.0
0.9999901392464151
0.8661636099043347
0.9999995335023639
0.9729790979536441
0.9589653157765209
0.9999999999987355
1.0
1.0
1.0
1.0
1.0
1.0
0.9999981834679494
1.0
1.0
0.9999901392464151
0.8661636099043347
0.9999995335023639
0.9729790979536441
0.9589653157765209
0.9999999999987355
1.0
1.0
1.0
1.0
1.0
1.0
0.9999981834679494
1.0
1.0
0.9999901392464151
0.8661636099043347
0.9999995335023639
0.9729790979536441
0.9589653157765209
0.9999999999987355
1.0
1.0
1.0
1.0
1.0
1.0
0.9999981834679494
1.0
1.0
0.9999901392464151
0.8661636099043347
0.9999995335023639
0.9729790979536441
0.9589653157765209
0.9999999999987355
1.0
1.0
1.0
1.0
1.0
1.0
0.9999981834679494
1.0
1.0
0.9999901392464151
0.09516135143969898
0.9999969174461569
0.9428697838942051
0.8330771857707917
0.9999999994822822
1.0
1.0
1.0
1.0
1.0
1.0
0.9999999007393836
1.0
1.0
0.9999882684702356
0.9674207471536537
0.9999999988817988
0.9732105921941503
0.9192998123592685
0.999999999994529
1.0
1.0
1.0
1.0
1.0
1.0
0.9999985442242557
1.0
1.0
0.9999746635268917
0.8055799369169376
0.9999998745334353
0.9692878700718808
0.9540820441976529
0.9999999999989273
1.0
1.0
1.0
1.0
1.0
1.0
0.9999902592510231
1.0
1.0
0.9998917950688891
0.10763289282899004
0.999999799406859
0.9275576965466651
0.8196189019373253
0.9999999995164334
1.0
1.0
1.0
1.0
1.0
1.0
0.9999999007393836
1.0
1.0
0.9999882684702356
0.9674207471536537
0.9999999988817988
0.9732105921941503
0.9192998123592685
0.999999999994529
1.0
1.0
1.0
1.0
1.0
1.0
0.9999985442242557
1.0
1.0
0.9999746635268917
0.8055799369169376
0.9999998745334353
0.9692878700718808
0.9540820441976529
0.9999999999989273
1.0
1.0
1.0
1.0
1.0
1.0
0.9999902592510231
1.0
1.0
0.9998917950688891
0.7859167765610453
0.9999999525577681
0.9677236318001562
0.9545241448561685
0.9999999999987457
1.0
1.0
1.0
1.0
1.0
1.0
0.9999981834679494
1.0
1.0
0.9999901392464151
0.8661636099043347
0.9999995335023639
0.9729790979536441
0.9589653157765209
0.9999999999987355
1.0
1.0
1.0
1.0
1.0
1.0
0.9999981834679494
1.0
1.0
0.9999901392464151
0.8661636099043347
0.9999995335023639
0.9729790979536441
0.9589653157765209
0.9999999999987355
1.0
1.0
1.0
1.0
1.0
1.0
0.9999981834679494
1.0
1.0
0.9999901392464151
0.8661636099043347
0.9999995335023639
0.9729790979536441
0.9589653157765209
0.9999999999987355
1.0
1.0
1.0
1.0
1.0
1.0
0.9999981834679494
1.0
1.0
0.9999901392464151
0.8661636099043347
0.9999995335023639
0.9729790979536441
0.9589653157765209
0.9999999999987355
1.0
1.0
1.0
1.0
1.0
1.0
0.9999981834679494
1.0
1.0
0.9999901392464151
0.8661636099043347
0.9999995335023639
0.9729790979536441
0.9589653157765209
0.9999999999987355
1.0
1.0
1.0
1.0
1.0
1.0
0.9999981834679494
1.0
1.0
0.9999901392464151
0.8661636099043347
0.9999995335023639
0.9729790979536441
0.9589653157765209
0.9999999999987355
1.0
1.0
1.0
1.0
1.0
1.0
0.9999981834679494
1.0
1.0
0.9999901392464151
0.8661636099043347
0.9999995335023639
0.9729790979536441
0.9589653157765209
0.9999999999987355
1.0
1.0
1.0
1.0
1.0
1.0
0.9999981834679494
1.0
1.0
0.9999901392464151
0.8661636099043347
0.9999995335023639
0.9729790979536441
0.9589653157765209
0.9999999999987355
1.0
1.0
1.0
1.0
1.0
1.0
0.9999981834679494
1.0
1.0
0.9999901392464151
0.8661636099043347
0.9999995335023639
0.9729790979536441
0.9589653157765209
0.9999999999987355
1.0
1.0
1.0
1.0
1.0
1.0
0.9999981834679494
1.0
1.0
0.9999901392464151
0.09516135143969898
0.9999969174461569
0.9428697838942051
0.8330771857707917
0.9999999994822822
1.0
1.0
1.0
1.0
1.0
1.0
0.9999999007393836
1.0
1.0
0.9999882684702356
0.9674207471536537
0.9999999988817988
0.9732105921941503
0.9192998123592685
0.999999999994529
1.0
1.0
1.0
1.0
1.0
1.0
0.9999985442242557
1.0
1.0
0.9999746635268917
0.1125124704344441
0.999999465557567
0.9361905967256384
0.8194047145127201
0.9999999994790237
1.0
1.0
1.0
1.0
1.0
1.0
0.9999994081767274
1.0
1.0
0.9998217467250045
0.9456612221276646
0.9999999998647627
0.9687513682979271
0.9044903852208284
0.9999999999954238
1.0
1.0
1.0
1.0
1.0
1.0
0.9999985442242557
1.0
1.0
0.9999746635268917
0.8055799369169376
0.9999998745334353
0.9692878700718808
0.9540820441976529
0.9999999999989273
1.0
1.0
1.0
1.0
1.0
1.0
0.9999902592510231
1.0
1.0
0.9998917950688891
0.7859167765610453
0.9999999525577681
0.9677236318001562
0.9545241448561685
0.9999999999987457
1.0
1.0
1.0
1.0
1.0
1.0
0.9999981834679494
1.0
1.0
0.9999901392464151
0.8661636099043347
0.9999995335023639
0.9729790979536441
0.9589653157765209
0.9999999999987355
1.0
1.0
1.0
1.0
1.0
1.0
0.9999981834679494
1.0
1.0
0.9999901392464151
0.8661636099043347
0.9999995335023639
0.9729790979536441
0.9589653157765209
0.9999999999987355
1.0
1.0
1.0
1.0
1.0
1.0
0.9999981834679494
1.0
1.0
0.9999901392464151
0.8661636099043347
0.9999995335023639
0.9729790979536441
0.9589653157765209
0.9999999999987355
1.0
1.0
1.0
1.0
1.0
1.0
0.9999981834679494
1.0
1.0
0.9999901392464151
0.8661636099043347
0.9999995335023639
0.9729790979536441
0.9589653157765209
0.9999999999987355
1.0
1.0
1.0
1.0
1.0
1.0
0.9999981834679494
1.0
1.0
0.9999901392464151
0.8661636099043347
0.9999995335023639
0.9729790979536441
0.9589653157765209
0.9999999999987355
1.0
1.0
1.0
1.0
1.0
1.0
0.9999981834679494
1.0
1.0
0.9999901392464151
0.8661636099043347
0.9999995335023639
0.9729790979536441
0.9589653157765209
0.9999999999987355
1.0
1.0
1.0
1.0
1.0
1.0
0.9999981834679494
1.0
1.0
0.9999901392464151
0.8661636099043347
0.9999995335023639
0.9729790979536441
0.9589653157765209
0.9999999999987355
1.0
1.0
1.0
1.0
1.0
1.0
0.9999981834679494
1.0
1.0
0.9999901392464151
0.8661636099043347
0.9999995335023639
0.9729790979536441
0.9589653157765209
0.9999999999987355
1.0
1.0
1.0
1.0
1.0
1.0
0.9999981834679494
1.0
1.0
0.9999901392464151
0.8661636099043347
0.9999995335023639
0.9729790979536441
0.9589653157765209
0.9999999999987355
1.0
1.0
1.0
1.0
1.0
1.0
0.9999981834679494
1.0
1.0
0.9999901392464151
0.8661636099043347
0.9999995335023639
0.9729790979536441
0.9589653157765209
0.9999999999987355
1.0
1.0
1.0
1.0
1.0
1.0
0.9999981834679494
1.0
1.0
0.9999901392464151
0.8661636099043347
0.9999995335023639
0.9729790979536441
0.9589653157765209
0.9999999999987355
1.0
1.0
1.0
1.0
1.0
1.0
0.9999981834679494
1.0
1.0
0.9999901392464151
0.8661636099043347
0.9999995335023639
0.9729790979536441
0.9589653157765209
0.9999999999987355
1.0
1.0
1.0
1.0
1.0
1.0
0.9999981834679494
1.0
1.0
0.9999901392464151
0.8661636099043347
0.9999995335023639
0.9729790979536441
0.02151566667644339
0.9999997830212284
1.0
1.0
1.0
1.0
1.0
1.0
0.9999285756240377
1.0
1.0
0.9999872278699382
0.8201799178071978
0.999999895490653
0.9705438126271115
0.9501643536560472
0.9999999999990968
1.0
1.0
1.0
1.0
1.0
1.0
0.9999968261753834
1.0
1.0
0.9999932560293266
0.8709837590435057
0.9999996938612274
0.973925408419433
0.9561436252196146
0.9999999999986865
1.0
1.0
1.0
1.0
1.0
1.0
0.9999986212866345
1.0
1.0
0.9999938390576167
0.8751150066009272
0.9999993968524223
0.974409768796784
0.9625897691473239
0.9999999999990375
1.0
1.0
1.0
1.0
1.0
1.0
0.9999981834679494
1.0
1.0
0.9999901392464151
0.8661636099043347
0.9999995335023639
0.9729790979536441
0.9589653157765209
0.9999999999987355
1.0
1.0
1.0
1.0
1.0
1.0
0.9999981834679494
1.0
1.0
0.9999901392464151
0.03681568595811735
0.9978830698886336
0.8884999004660951
0.1932276000152659
0.9999999999963525
1.0
1.0
1.0
1.0
1.0
1.0
0.9999973468644641
1.0
1.0
0.999970994132373
0.9244270652565106
0.9999999863509373
0.9765531127755009
0.017561764220905596
0.9999999394907307
1.0
1.0
1.0
1.0
1.0
1.0
0.9999984279409577
1.0
1.0
0.9999910814503945
0.07590910982169533
0.9999998003453869
0.9377626722283386
0.7745698620219594
0.9999999998135986
1.0
1.0
1.0
1.0
1.0
1.0
0.9999996670190512
1.0
1.0
0.9999925421200571
0.9630647043810767
0.9999999992717357
0.9743765415558121
0.9206097996068376
0.9999999999969683
0.9999999999999999
1.0
1.0
1.0
1.0
1.0
0.9999986504652387
1.0
1.0
0.9999791443910285
0.817794540915225
0.9999998817667057
0.9706130764740009
0.9534330219403244
0.9999999999990874
1.0
1.0
1.0
1.0
1.0
1.0
0.9999902592510231
1.0
1.0
0.9998917950688891
0.7859167765610453
0.9999999525577681
0.9677236318001562
0.9545241448561685
0.9999999999987457
1.0
1.0
1.0
1.0
1.0
1.0
0.9999981834679494
1.0
1.0
0.9999901392464151
0.8661636099043347
0.9999995335023639
0.9729790979536441
0.9589653157765209
0.9999999999987355
1.0
1.0
1.0
1.0
1.0
1.0
0.9999981834679494
1.0
1.0
0.9999901392464151
0.8661636099043347
0.9999995335023639
0.9729790979536441
0.9589653157765209
0.9999999999987355
1.0
1.0
1.0
1.0
1.0
1.0
0.9999981834679494
1.0
1.0
0.9999901392464151
0.09516135143969898
0.9999969174461569
0.9428697838942051
0.03376633836511163
0.9999997354868841
1.0
1.0
1.0
1.0
1.0
1.0
0.9999997233236518
1.0
1.0
0.9999963854346943
0.9594164764843941
0.9999999984600086
0.9724082578831906
0.011408991733938617
0.999999999999802
1.0
1.0
1.0
1.0
1.0
0.9999999999999967
0.999970159009268
1.0
1.0
0.9999636788460174
0.7482699743009994
0.9999998547387133
0.960380332315532
0.9680499242022751
0.9999999999982196
1.0
1.0
1.0
1.0
1.0
1.0
0.9999660554000348
1.0
1.0
0.9999452422332094
0.11962295349631372
0.9999996901498599
0.9313425791314912
0.032803662992327655
0.9999998468490259
1.0
1.0
1.0
1.0
1.0
1.0
0.999999657678122
1.0
1.0
0.9999970885755882
0.9563464080692129
0.9999999969640263
0.023556814665612952
0.874866117163518
0.9999999999999206
1.0
1.0
0.9999999999999992
1.0
0.9999999999999999
0.9999997339951869
1.0
1.0
0.999981894818736
0.8851487900863757
0.9999986459235518
0.9700005039220486
0.9788815495642049
0.9999999999997928
0.9999999999999999
1.0
1.0
1.0
1.0
1.0
0.9999855625144116
1.0
1.0
0.9999604408301557
0.8512121884394271
0.9999998175724911
0.9757728826116715
0.9634357298159836
0.9999999999993776
1.0
1.0
1.0
1.0
1.0
1.0
0.9999959776449908
1.0
1.0
0.9998139642571973
0.10769739041433943
0.9999980233848014
0.9483041318001824
0.854853065280801
0.9999999997297943
1.0
1.0
1.0
1.0
1.0
1.0
0.9999999007393836
1.0
1.0
0.9999882684702356
0.9674207471536537
0.9999999988817988
0.9732105921941503
0.9192998123592685
0.999999999994529
1.0
1.0
1.0
1.0
1.0
1.0
0.9999985442242557
1.0
1.0
0.9999746635268917
0.8055799369169376
0.9999998745334353
0.9692878700718808
0.9540820441976529
0.9999999999989273
1.0
1.0
1.0
1.0
1.0
1.0
0.9999902592510231
1.0
1.0
0.9998917950688891
0.7859167765610453
0.9999999525577681
0.9677236318001562
0.9545241448561685
0.9999999999987457
1.0
1.0
1.0
1.0
1.0
1.0
0.9999981834679494
1.0
1.0
0.9999901392464151
0.09516135143969898
0.9999969174461569
0.9428697838942051
0.03376633836511163
0.9999997354868841
1.0
1.0
1.0
1.0
1.0
1.0
0.9999997233236518
1.0
1.0
0.9999963854346943
0.9594164764843941
0.9999999984600086
0.9724082578831906
0.9097402505197578
0.9999999999989521
1.0
1.0
1.0
1.0
1.0
1.0
0.999994188988445
1.0
1.0
0.9999792754275881
0.801098191180781
0.9999998891394456
0.9689828423251493
0.957733068391376
0.9999999999993785
1.0
1.0
1.0
1.0
1.0
1.0
0.9999912736182416
1.0
1.0
0.9999468250666959
0.8176019717291759
0.9999999088217297
0.9713875848557032
0.9601057685585614
0.999999999999133
1.0
1.0
1.0
1.0
1.0
1.0
0.9999981834679494
1.0
1.0
0.9999901392464151
0.8661636099043347
0.9999995335023639
0.9729790979536441
0.9589653157765209
0.9999999999987355
1.0
1.0
1.0
1.0
1.0
1.0
0.9999981834679494
1.0
1.0
0.9999901392464151
0.8661636099043347
0.9999995335023639
0.9729790979536441
0.9589653157765209
0.9999999999987355
1.0
1.0
1.0
1.0
1.0
1.0
0.9999981834679494
1.0
1.0
0.9999901392464151
0.8661636099043347
0.9999995335023639
0.9729790979536441
0.9589653157765209
0.9999999999987355
1.0
1.0
1.0
1.0
1.0
1.0
0.9999981834679494
1.0
1.0
0.9999901392464151
0.8661636099043347
0.9999995335023639
0.9729790979536441
0.9589653157765209
0.9999999999987355
1.0
1.0
1.0
1.0
1.0
1.0
0.9999981834679494
1.0
1.0
0.9999901392464151
0.8661636099043347
0.9999995335023639
0.9729790979536441
0.9589653157765209
0.9999999999987355
1.0
1.0
1.0
1.0
1.0
1.0
0.9999981834679494
1.0
1.0
0.9999901392464151
0.8661636099043347
0.9999995335023639
0.9729790979536441
0.9589653157765209
0.9999999999987355
1.0
1.0
1.0
1.0
1.0
1.0
0.9999981834679494
1.0
1.0
0.9999901392464151
0.8661636099043347
0.9999995335023639
0.9729790979536441
0.9589653157765209
0.9999999999987355
1.0
1.0
1.0
1.0
1.0
1.0
0.9999981834679494
1.0
1.0
0.9999901392464151
0.8661636099043347
0.9999995335023639
0.9729790979536441
0.9589653157765209
0.9999999999987355
1.0
1.0
1.0
1.0
1.0
1.0
0.9999981834679494
1.0
1.0
0.9999901392464151
0.8661636099043347
0.9999995335023639
0.9729790979536441
0.9589653157765209
0.9999999999987355
1.0
1.0
1.0
1.0
1.0
1.0
0.9999981834679494
1.0
1.0
0.9999901392464151
0.8661636099043347
0.9999995335023639
0.9729790979536441
0.9589653157765209
0.9999999999987355
1.0
1.0
1.0
1.0
1.0
1.0
0.9999981834679494
1.0
1.0
0.9999901392464151
0.8661636099043347
0.9999995335023639
0.9729790979536441
0.9589653157765209
0.9999999999987355
1.0
1.0
1.0
1.0
1.0
1.0
0.9999981834679494
1.0
1.0
0.9999901392464151
0.8661636099043347
0.9999995335023639
0.9729790979536441
0.9589653157765209
0.9999999999987355
1.0
1.0
1.0
1.0
1.0
1.0
0.9999981834679494
1.0
1.0
0.9999901392464151
0.8661636099043347
0.9999995335023639
0.9729790979536441
0.9589653157765209
0.9999999999987355
1.0
1.0
1.0
1.0
1.0
1.0
0.9999981834679494
1.0
1.0
0.9999901392464151
0.8661636099043347
0.9999995335023639
0.9729790979536441
0.9589653157765209
0.9999999999987355
1.0
1.0
1.0
1.0
1.0
1.0
0.9999981834679494
1.0
1.0
0.9999901392464151
0.8661636099043347
0.9999995335023639
0.9729790979536441
0.9589653157765209
0.9999999999987355
1.0
1.0
1.0
1.0
1.0
1.0
0.9999981834679494
1.0
1.0
0.9999901392464151
0.8661636099043347
0.9999995335023639
0.9729790979536441
0.9589653157765209
0.9999999999987355
1.0
1.0
1.0
1.0
1.0
1.0
0.9999981834679494
1.0
1.0
0.9999901392464151
0.8661636099043347
0.9999995335023639
0.023831266380816157
0.0742419787441703
0.9999999999999989
1.0
1.0
1.0
1.0
1.0
0.9999999999999983
0.9999258774070868
1.0
1.0
0.9999946150163426
0.838323394352172
0.9999992208537485
0.9605965027247803
0.9761044860705411
0.9999999999835615
0.9999999999999999
1.0
1.0
1.0
1.0
1.0
0.9999990042807045
1.0
1.0
0.9999932225164435
0.863246870669413
0.9999990599441683
0.9736953727781663
0.967433644972109
0.9999999999983912
1.0
1.0
1.0
1.0
1.0
1.0
0.9999975254876997
1.0
1.0
0.9999814433552894
0.8348015295897127
0.9999997917606511
0.9707797709524474
0.9585819575779688
0.9999999999991439
1.0
1.0
1.0
1.0
1.0
1.0
0.9999981834679494
1.0
1.0
0.9999901392464151
0.8661636099043347
0.9999995335023639
0.9729790979536441
0.9589653157765209
0.9999999999987355
1.0
1.0
1.0
1.0
1.0
1.0
0.9999981834679494
1.0
1.0
0.9999901392464151
0.8661636099043347
0.9999995335023639
0.9729790979536441
0.9589653157765209
0.9999999999987355
1.0
1.0
1.0
1.0
1.0
1.0
0.9999981834679494
1.0
1.0
0.9999901392464151
0.8661636099043347
0.9999995335023639
0.9729790979536441
0.9589653157765209
0.9999999999987355
1.0
1.0
1.0
1.0
1.0
1.0
0.9999981834679494
1.0
1.0
0.9999901392464151
0.8661636099043347
0.9999995335023639
0.9729790979536441
0.9589653157765209
0.9999999999987355
1.0
1.0
1.0
1.0
1.0
1.0
0.9999981834679494
1.0
1.0
0.9999901392464151
0.8661636099043347
0.9999995335023639
0.9729790979536441
0.9589653157765209
0.9999999999987355
1.0
1.0
1.0
1.0
1.0
1.0
0.9999981834679494
1.0
1.0
0.9999901392464151
0.8661636099043347
0.9999995335023639
0.9729790979536441
0.9589653157765209
0.9999999999987355
1.0
1.0
1.0
1.0
1.0
1.0
0.9999981834679494
1.0
1.0
0.9999901392464151
0.8661636099043347
0.9999995335023639
0.9729790979536441
0.9589653157765209
0.9999999999987355
1.0
1.0
1.0
1.0
1.0
1.0
0.9999981834679494
1.0
1.0
0.9999901392464151
0.09516135143969898
0.9999969174461569
0.9428697838942051
0.03376633836511163
0.9999997354868841
1.0
1.0
1.0
1.0
1.0
1.0
0.9999997233236518
1.0
1.0
0.9999963854346943
0.9594164764843941
0.9999999984600086
0.9724082578831906
0.9097402505197578
0.9999999999989521
1.0
1.0
1.0
1.0
1.0
1.0
0.999994188988445
1.0
1.0
0.9999792754275881
0.801098191180781
0.9999998891394456
0.9689828423251493
0.957733068391376
0.9999999999993785
1.0
1.0
1.0
1.0
1.0
1.0
0.9999912736182416
1.0
1.0
0.9999468250666959
0.8176019717291759
0.9999999088217297
0.9713875848557032
0.9601057685585614
0.999999999999133
1.0
1.0
1.0
1.0
1.0
1.0
0.9999981834679494
1.0
1.0
0.9999901392464151
0.8661636099043347
0.9999995335023639
0.9729790979536441
0.9589653157765209
0.9999999999987355
1.0
1.0
1.0
1.0
1.0
1.0
0.9999981834679494
1.0
1.0
0.9999901392464151
0.8661636099043347
0.9999995335023639
0.0021279335127760944
0.3500072905605655
0.9999999999967988
1.0
1.0
0.9999999999999986
1.0
1.0
0.9999992683551123
1.0
1.0
0.9999532970572802
0.6954012555092157
0.9999991877514446
0.9659754144868723
0.970080541311933
0.9999999999997279
1.0
1.0
1.0
1.0
1.0
1.0
0.999987771180817
1.0
1.0
0.999942467733485
0.8955805577432634
0.9999999201222517
0.9774597021698918
0.9495081276764701
0.9999999999996
1.0
1.0
1.0
1.0
1.0
1.0
0.9999899044479833
1.0
1.0
0.9996999564594315
0.8528318392890663
0.999999658105752
0.9771438355010992
0.9668940032056028
0.9999999999994631
1.0
1.0
1.0
1.0
1.0
1.0
0.9999981834679494
1.0
1.0
0.9999901392464151
0.8661636099043347
0.9999995335023639
0.9729790979536441
0.9589653157765209
0.9999999999987355
1.0
1.0
1.0
1.0
1.0
1.0
0.9999981834679494
1.0
1.0
0.9999901392464151
0.8661636099043347
0.9999995335023639
0.9729790979536441
0.9589653157765209
0.9999999999987355
1.0
1.0
1.0
1.0
1.0
1.0
0.9999981834679494
1.0
1.0
0.9999901392464151
0.8661636099043347
0.9999995335023639
0.9729790979536441
0.9589653157765209
0.9999999999987355
1.0
1.0
1.0
1.0
1.0
1.0
0.9999981834679494
1.0
1.0
0.9999901392464151
0.03681568595811735
0.9978830698886336
0.08848599251765654
0.9755860460554439
0.9999999999887091
1.0
1.0
1.0
1.0
1.0
0.9999994344958321
1.0
1.0
0.9999874257148742
0.9393421608662003
0.9999994922171782
0.979510090405353
0.9741257164273742
0.9999999999995874
1.0
1.0
1.0
1.0
1.0
1.0
0.999991092336478
1.0
1.0
0.9999599617518791
0.881332970750342
0.9999995895587004
0.9773318949954362
0.9675864581346834
0.9999999999990784
1.0
1.0
1.0
1.0
1.0
1.0
0.9999960858542959
1.0
1.0
0.9998258461658657
0.8570490254020746
0.9999997523158598
0.9767415001910741
0.9654186779920095
0.999999999999272
1.0
1.0
1.0
1.0
1.0
1.0
0.9999981834679494
1.0
1.0
0.9999901392464151
0.8661636099043347
0.9999995335023639
0.9729790979536441
0.9589653157765209
0.9999999999987355
1.0
1.0
1.0
1.0
1.0
1.0
0.9999981834679494
1.0
1.0
0.9999901392464151
0.8661636099043347
0.9999995335023639
0.9729790979536441
0.9589653157765209
0.9999999999987355
1.0
1.0
1.0
1.0
1.0
1.0
0.9999981834679494
1.0
1.0
0.9999901392464151
0.09516135143969898
0.9999969174461569
0.9428697838942051
0.03376633836511163
0.9999997354868841
1.0
1.0
1.0
1.0
1.0
1.0
0.9999997233236518
1.0
1.0
0.9999963854346943
0.9594164764843941
0.9999999984600086
0.9724082578831906
0.9097402505197578
0.9999999999989521
1.0
1.0
1.0
1.0
1.0
1.0
0.999994188988445
1.0
1.0
0.9999792754275881
0.801098191180781
0.9999998891394456
0.9689828423251493
0.957733068391376
0.9999999999993785
1.0
1.0
1.0
1.0
1.0
1.0
0.9999912736182416
1.0
1.0
0.9999468250666959
0.8176019717291759
0.9999999088217297
0.9713875848557032
0.9601057685585614
0.999999999999133
1.0
1.0
