100
100
100
100
100
100
100
100
100
100
100
100
100
100
100
100
100
100
100
100
100
100
100
100
100
100
100
100
100
100
100
100
100
100
100
100
100
100
100
100
100
100
100
100
100
100
100
100
100
100
0.9986115773508537
0.2599872450990267
0.15253917268470452
0.9981543272099924
0.9999999916084026
1.0
1.0
0.9999999999963536
0.9999999933382547
0.9999988179782379
0.9999999287830852
0.02023719329448274
0.999550221082546
0.9999994360195136
0.9999999999999907
1.0
1.0
0.9999840246400963
0.9999999990588125
0.9990512711006077
0.9999999999998922
0.9996855202162259
0.9138685904867205
1.0
1.0
0.9998297781471241
0.9999999999999926
0.9999999999999998
0.99999999999999
0.9999992979428803
0.9999999999999879
0.9999995079316057
0.9999999997043771
0.999999981851153
0.9999999999999951
0.9999999999657869
0.9998722403212842
0.9999999999847737
0.9999999887387536
0.9999986152989782
0.9999998960777483
0.9999994308602164
0.8186100127005035
0.9997960114492694
0.9999983696181015
0.9999999999967548
0.9999986088389357
0.9999999811961499
0.8985504018976367
0.9998945842770774
0.999997893523243
0.9999999996794692
0.9361934554174203
0.9999909609883082
0.9999999999902772
0.9999999986616898
0.9772769815106124
0.9999998830793889
0.9999999979845028
0.9999104949452885
0.9999999999999984
0.9999995699650766
0.999999997648809
0.9999999946791831
0.9999999941856677
0.9999999999225738
0.9999999999999579
0.9999989213536808
0.9999999999954899
0.9999926410328184
0.9999999999999862
0.2865126659759794
0.9988690578952989
0.999998803984674
0.9999999999995426
0.9999265210539099
0.999933266582723
0.999999912087234
1.0
0.14030374959877187
0.048126763350719526
0.9999994660685059
0.9999655624159018
0.999999999998991
0.9999998997382639
0.9999999997533604
0.9999944129832963
0.9562175986655228
0.9287745907492637
0.9999964480534708
0.9999999999861122
0.9999990663450546
0.9999998800341409
0.9999966278249092
0.9999999996258617
0.9999999997368764
0.9999999999971154
0.942647217837249
0.9999999999990975
0.9999999999575676
0.9999999999148229
0.9999994633123412
0.9999999997438669
0.9999999939791255
0.9999999999750536
0.997383942727917
0.9999999999942263
0.9999999998525866
0.9990956272970255
0.9999985867317855
0.9999727267149077
0.9999999995711184
0.9999999997855348
0.9999949776479501
0.9999983081919638
0.9999999990177557
0.9999973843486369
0.9999999999522272
0.9999849305482377
0.9999991876615494
0.9930395456373347
0.99807848946482
0.9999789734320512
0.9999905574011867
0.9999995745009798
0.9999932668028422
0.7595954459899528
0.9999999999999939
0.9999999929912455
0.9999998851207763
0.9999898975197488
0.9999999999980508
0.9999999999983161
0.7187257081694852
0.9999999836306557
0.9999999997395508
0.9999998318159056
0.9999999402757384
0.9326272793021545
0.9999999543185448
0.9999999842305833
0.9999999445761971
0.9999999995395268
0.9999999999991539
0.9999999999999827
0.999999315214795
0.9999999914320893
0.9999994519405848
0.9756493573256473
0.7111255737375912
0.9980481646196453
0.9813961248752814
0.9999999965430988
0.9494447235640264
0.15812215842919336
0.9912916571855082
0.9999999853316631
1.0
0.9999999999997959
0.9999999986333612
0.9999986594359881
0.9999999996164011
0.999999973422659
1.0
0.999999718016589
0.9999988775944186
0.9999999964377068
0.9999993398787277
0.4396229403072507
0.990149878987023
0.9776413935842833
0.999999999989364
0.9919231742336869
0.056099174896566385
0.9978781643713645
0.999999199455028
1.0
0.999999999999999
0.9999999999362085
0.9999999976308958
0.9999999999926908
0.9999999998563536
1.0
0.9999831453935837
0.999999619338894
0.9999984787915123
0.9999995467934759
0.4744077111004507
0.9999293299042246
0.9999999949083362
0.8351017373797008
0.9999999999912821
0.16647390213864904
0.07304892136909164
0.8725593490296013
0.9999999042091011
0.9999999999901575
0.999999999984989
0.9998250456072905
0.7694370425455482
0.99987570457224
0.8285684359225879
0.9999999931936496
0.8110562715298621
0.9999999999837431
0.29655609717826065
0.9999986280001694
0.9384080011142966
0.46928066313678807
0.18585702741440163
0.14623483348838104
0.3784761518546347
0.9471624749738219
0.9999999898878275
0.9999999870274742
0.9983958123456491
0.9995740614431168
0.999999971042726
0.9998913957322184
0.9999999999999247
0.9835696383136695
0.9999998341345342
0.9999017730208763
0.999682628949845
0.18491810598950686
0.44181847998976187
0.9999971122270276
0.5077019769358186
0.26931879355444455
0.9999875043490736
0.9999999906555234
1.0
0.9999999999999981
0.9999999980719059
0.9999986010427966
0.9999992662161683
0.999769999961302
0.9999999999999917
0.9967915222859456
0.9999999051281367
0.999999514813799
0.9999700459014056
0.10461251136077866
0.6360509061830003
0.8654157772559812
0.9999997828682234
0.16929415395392072
0.9996984365079463
0.9999991096409805
0.999999999999478
0.9999999999286542
0.9999998912680945
0.9999890659090214
0.9999999987417861
0.9999999700740857
0.9999999999999998
0.9999967891524896
0.9999941615127765
0.9999615069349109
0.9999999820434939
0.23535474403068765
0.9935428311362257
0.9702597275517761
0.9999409436435899
0.9999999999790345
0.995707676856455
0.328510756072251
0.0631919777013998
0.7707605175187108
0.9999999988132922
1.0
1.0
0.9999995167245712
0.9999010561723597
0.9999999999997845
0.9999999789524789
1.0
0.9999971155502283
0.9999972891691196
0.8897992983079996
0.9999999370997418
0.9990481367848806
0.9999963076521927
0.9999990316062699
0.6495879909378978
0.9999998914583355
0.9999999193873175
0.9999996275616134
0.9999803182055499
0.9999999995458616
0.9999999999999996
0.9999569548719281
0.9999999875604508
0.8493959978960264
0.9487719507973059
0.10761305543894127
0.9949423444649934
0.16393956711503008
0.15562911050332068
0.9993575568525723
0.9999999927274865
1.0
0.999999999999996
0.9999999879205239
0.9999999927871095
0.9999999720251773
0.9999896272334382
1.0
0.9686867500667263
0.9999999450093708
0.9999962703107876
0.8354911570247585
0.84199710954483
0.559412911865688
0.7007461581910582
0.436226309109046
0.7618557314011424
0.8851038038268464
0.7105788091748523
0.9982002775053471
0.9137418917511951
0.9999157533715868
0.016971161053823125
0.9999999866054542
0.9999999874908319
0.5014918073433329
0.9999997591392362
0.9999999412787252
0.9999999480127103
0.9999999998477677
0.9999999999999664
0.9999999999443454
0.9999999787543031
0.9999938293306996
0.9999999999998774
0.9999998656583758
0.9816854688960057
0.9999999998348191
0.999999980108282
0.9999999684514246
0.9999999982471461
0.9994528168840305
0.6284084253753518
0.9987377272500071
0.9999978465035265
0.9999999999463465
0.99996333243918
0.9999999611604564
0.6931593788807344
0.9993787230286367
0.9999553459089151
0.9999999996957691
0.8288472914277709
0.9999995716311834
0.9999978727934368
0.9999999999998693
0.9999892389981712
0.7716811175367664
0.9999023446886484
0.9998356069358127
0.9939327581665881
0.9999998388392402
0.9999999972528847
0.9999999969146074
0.5413681900915669
0.9807436571159035
0.999997812050729
0.9999999999999177
0.9999999999999974
0.9994245999137733
0.23926046697596615
0.09485685023461665
0.9955173270781981
0.9999768806365146
0.9999999999999409
1.0
0.9999821768803409
0.6498691724383528
0.035844297064841685
0.999986788636124
0.9999195016378056
0.9999999999463047
1.0
0.9999976350855176
0.8463283313753944
0.09805032191480327
0.9999993667327676
0.9999940680996863
1.0
1.0
0.9999986684313931
0.8305285448373688
0.2248664514015749
0.7505700363255319
0.9999999999426918
0.9999999999700052
0.9998407351228266
0.8161394347539809
0.736958349309276
0.7323441696995049
0.9999999999817344
0.9999999999671043
0.9999521775249187
0.8802064634609836
0.7441106324667036
0.9672707681542994
0.9999999999771351
0.9999999993155826
0.9999996981348876
0.19239642878128244
0.9999999577787811
0.9648068808181056
0.9999999999999893
0.9999999843541887
0.9999974968183295
0.999999999988587
0.9999999999068607
0.9999999580678651
0.9999999993876786
1.0
0.999999999998161
0.9999999663088998
0.9999999334664345
0.99999999999999
0.9999999379033501
0.9977395818498482
0.9999999999478559
0.999999994165027
0.999999394359704
0.9999999756481665
0.9999998781432453
0.008216341200576698
0.965451552510508
0.9999975102733196
0.9999977776553363
0.9999975425118319
0.9999993275934116
0.9853027479720265
0.14004499016675448
0.11046612569404632
0.08661997183869412
0.8189766063758075
0.9969324797869594
0.9999998465357368
0.9999999999999966
0.9937739356463212
0.9999999995600043
0.9999999788236628
0.9999999799095014
0.9999999397918389
0.9999999994083586
0.9999999981354973
0.9999979541547769
0.9999996506098888
0.9999999877454958
0.9999999993977606
0.9999994560447706
0.9999986847647175
0.9999999997736947
0.9999999939788544
0.9999999999273002
0.999999711695858
0.9999998193647284
0.9999998595622388
0.999999997597404
0.999690021131702
0.9999998344266839
0.9999999999948632
0.9999999496916905
0.9999999999999717
0.9999999597440689
0.9999999999996612
0.9999999999999626
0.9999999998735587
0.9999999999999795
0.9999999949988124
0.999999999725872
0.9999999999973516
0.999999822751532
0.999999999506121
1.0
0.9999999999999987
0.9999999998204255
0.9999999999921654
1.0
0.999999998544383
0.9999902214246701
0.9999999999999699
0.99999999965125
0.9998290506457403
0.9999999859027551
0.9999997369918824
0.2905609542776001
0.9999895642370455
0.9999999637641781
0.9999999705074075
0.9999998879814009
0.9999999816633364
0.9951361413277088
0.6164822975010679
0.31696816256266697
0.08070794873170714
0.034954905523846336
0.9413100427982894
0.9941920136188793
0.9999988735863766
0.9999999999999948
0.9984354938918829
0.9999999997465375
0.9999999201849633
0.9999999969189785
0.9999999496118653
0.999999999366007
0.9999999991533564
0.9999993515658364
0.9999995491432118
0.9999999909559821
0.9999999997202015
0.9999996288074711
0.9999977322281322
0.9999999999488438
0.9999999962606919
0.999999999969275
0.9999995317625286
0.9999998046684239
0.9999998630894223
0.999999998653541
0.9966981420859659
0.9999992619722481
0.9999999999967516
0.9999999489335498
0.9999999999999728
0.9999999510629538
0.9999999999994807
0.9999999999999827
0.9999999998610061
0.9999999999998722
0.9999999834063427
0.9999999997198513
0.9999999999775734
0.9999998938345331
0.9999999995375377
1.0
0.9999999999999996
0.9999999998418351
0.999999999996355
1.0
0.999999998135562
0.9999864106730735
0.9999999999999862
0.9999999996486452
0.9998396107092112
0.999999987504223
0.9999997369918824
0.2905609542776001
0.9999895642370455
0.9999999637641781
0.9999999705074075
0.9999998879814009
0.9999999816633364
0.9951361413277088
0.6164822975010679
0.31696816256266697
0.14654291277780657
0.05517484805585999
0.9388692730128237
0.999778193513973
0.9999999594977195
0.9999999999999963
0.9928996658828978
0.9999999990500086
0.999999875111037
0.9999999991373775
0.9999999614459983
0.9999999979898984
0.9999999975923036
0.9999974026559247
0.9999987792056039
0.9999999910647781
0.9999999996826724
0.9999995464229556
0.9999991188823928
0.9999999998714864
0.9999999951560734
0.9999999999525222
0.999999789110632
0.9999998821162278
0.9999998428984965
0.999999996350732
0.9960217866345649
0.9999993128731783
0.9999999999966508
0.9999999664264055
0.9999999999999674
0.9999999290864716
0.9999999999997499
0.9999999999999641
0.9999999997916186
0.9999999999997664
0.9999999745386082
0.9999999997354986
0.9999999999783615
0.9999997995085084
0.9999999993270746
1.0
