100
100
100
100
100
100
100
100
100
100
100
100
100
100
100
100
100
100
100
100
100
100
100
100
100
100
100
100
100
100
100
100
100
100
100
100
100
100
100
100
100
100
100
100
100
100
100
100
100
100
0.7051900360331215
0.9915633561062149
0.9936595899063548
0.958277714065326
0.822670909594218
0.9882043912752604
0.9689471687709601
0.9800003761203764
0.6112351517615829
0.8206726207206944
0.887671991899147
0.710601928073063
0.8493340566271296
0.858732721939848
0.18622951682423614
0.9151679175360421
0.40478820678577493
0.09561902851634624
0.07044861144825952
0.05834237832336528
0.011556496489678512
0.03558061889031267
0.32917755507894825
0.008454078241530142
0.028423852807702987
0.06271226692798652
0.0872913584169338
0.08385131788269558
0.10300718157011335
0.0736185365811136
0.025079335346690785
0.36147403082217594
0.6192258649099733
0.09182981736996713
0.1900362112142547
0.05155405291688633
0.09480780664192655
0.07153151488241943
0.05800774978260045
0.03809919407910942
0.02876716964785877
0.48741523004308035
0.1325783439829955
0.9266533657237404
0.2654079924657313
0.1520814244689102
0.06329953737697389
0.8321569046268688
0.09461774536675328
0.05561487073755909
0.07635581901452107
0.03720003692696781
0.33251914242337965
0.3922866469880115
0.9996833699165865
0.9999656917137669
0.9986622775363826
0.9995366543002389
0.9990327841737213
0.998269557711257
0.9962963595060591
0.9999684811396966
0.9693441891013425
0.9702725201991788
0.9718852440081287
0.9993240433457052
0.9841609025773599
0.7198760509648063
0.996345967459056
0.97387740318287
0.9729546054040344
0.9540194520975652
0.944818122496021
0.0016244229933417731
0.026699809812778367
0.043205473771318004
0.1623249956584504
0.06857235339574312
0.10935721119582764
0.08407924869662223
0.9179394584402204
0.8854122131448662
0.9914723527475907
0.999177652031704
0.9548429853543224
0.749772168044042
0.9817782766415362
0.8310909496251355
0.24101422370485745
0.9152630842829411
0.9892179475524171
0.08624161369514485
0.014272876998958847
0.0858500017729954
0.07100100399380431
0.2898747694644585
0.09401466352648886
0.021568691741259118
0.2986003447271322
0.4185760552046911
0.9998742431483544
0.9995948833698415
0.9594558453941239
0.996070819514988
0.9998309605396958
0.9945665456666156
0.9952739723305997
0.9999684217413185
0.9964103398283843
0.98248805722968
0.9623580985619975
0.9993988772435103
0.9853161872116787
0.14520418669136734
0.9942772012898434
0.07252638996465116
0.07779398451050859
0.10239734465056072
0.1006449640931463
0.44110889522859115
0.2524089408328928
0.22894207122988505
0.038726354386919945
0.018048591867716995
0.2105346828678792
0.07219286330311644
0.07126833511738774
0.5205861211211689
0.10172617283546043
0.09110105339858356
0.08874082195817781
0.6759198518351147
0.04643439554784425
0.09043341108284125
0.10062891801714909
0.7885005182138093
0.11627215847699678
0.060803865887991033
0.11983792823402208
0.8701551440072819
0.08153512621439955
0.1375664749063516
0.08619734438571898
0.7863856332860611
0.13634937431500632
0.8415142883910852
0.567872305007603
0.9763395723156847
0.9872735917022915
0.14694110183801384
0.0022472083399095117
0.0809075103324754
0.23456659824788015
0.1023410521587937
0.050495067847757306
0.28037058119941066
0.13667855080394126
0.25102407881766386
0.015532942893736038
0.055182372069131
0.039762973274762754
0.044510235714678666
0.08603957789779204
0.23769851522812416
0.3104419080138104
0.0053361086740865505
0.39377299505731844
0.015493871952295011
0.09802477232134824
0.008500981174469648
0.044970242629464585
0.27710817593948606
0.09645293998744395
0.3237350241234669
0.021651563535138363
0.03044874402925611
0.20956063802553143
0.1697500075049685
0.2568367543061009
0.9991107253235446
0.999767087253741
0.9708295005564557
0.9968939316083641
0.9998633116691286
0.9983648465139261
0.9970011852604893
0.9999611141644329
0.9877013852877747
0.9791543883971678
0.9822356415643737
0.9992448352919783
0.9872715391675875
0.7222143223183871
0.9974230715435457
0.9777997757970731
0.9744493059290228
0.9640048480527343
0.9616257884738207
0.0015957201474937426
0.12746994817722593
0.8927682390161206
0.07349658911345848
0.10711148318790278
0.05756240803002765
0.9750070063878891
0.011544664864025445
0.10322382926017856
0.11016188208653636
0.0034265175169276543
0.9785812651370679
0.11041864026029208
0.11415718016865878
0.084169263599316
0.8024018711892568
0.2901424145480981
0.9806338082719799
0.9139856134638269
0.46220771531600374
0.9616703070552273
0.9661666001583552
0.8293445612736473
0.02039750417978278
0.0519688536397829
0.28689264323582453
0.004583006515165118
0.38381137296539286
0.08444195964951262
0.01172409096704242
0.07452658689688084
0.028711803199312755
0.03709857718376682
0.07310444933230836
0.07896603884883525
0.14379040473473895
0.0853787656092869
0.03064470363457348
0.09552287506407411
0.9528433108870036
0.528719456104098
0.9999730637455506
0.9999868235463124
0.9994670983623394
0.9999177821379607
0.9997147602751287
0.999281516241897
0.995309775598874
0.9999797551692917
0.9786344024690143
0.9702531205969892
0.9803784409441743
0.9989961067426589
0.9756214775494053
0.665110946064754
0.9951676694113183
0.9659262076898022
0.9721593892360118
0.9603912767903929
0.942653722372988
0.06884343583825639
0.14841240459594135
0.9370045956645733
0.16229750810569796
0.00046230987283120363
0.21951239397988226
0.07251266579293784
0.01587134553538083
0.7150802501810947
0.8359963473515258
0.8566164483347449
0.11681018231411028
0.17905750184742467
0.20326036137822234
0.07319482922915269
0.16769941978436945
0.08371919817933234
0.11982500010452167
0.026383381655697855
0.2711235879308556
0.45307632088804384
0.5285571099670356
0.005149451602380591
0.0908447925799437
0.44363054643289157
0.7529179014738747
0.9566455335480176
0.9509367831912838
0.17178194646698297
0.041603918712074986
0.6247868333215082
0.01561139181482762
0.031101358863583575
0.09021876961000205
0.029979828799591466
0.16536767348465004
0.11263571832330356
0.24712711076847743
0.27853659794301233
0.0276037876216086
0.23887359401395047
0.8486185553049764
0.19530763923504532
0.6088687249624105
0.9439381950815601
0.8400739097683985
0.9168181513695527
0.9725695267866129
0.9497148936361584
0.04274844065805517
0.9995863817303092
0.999817212805265
0.9909865141950548
0.9998953070717373
0.9998650293631582
0.9994284919730874
0.997922812627448
0.9997382310052602
