100
100
100
100
100
100
100
100
100
100
100
100
100
100
100
100
100
100
100
100
100
100
100
100
100
100
100
100
100
100
100
100
100
100
100
100
100
100
100
100
100
100
100
100
100
100
100
100
100
100
0.9999333487897007
0.984462696766246
0.9995642724374554
0.999992417493958
0.9967931101373663
0.9986716470290414
0.9996948742007983
0.9999998257134557
0.9989522097185926
0.8660465656659682
0.9999737652914729
0.9991460366735633
0.9997656055588618
0.9999687864694327
0.995973595458986
0.13758924634773764
0.31959339534760833
0.063780232581086
0.9999940045137276
0.9675617317838084
0.20397397256376604
0.9999844195484614
0.9999765256904782
0.9999999996367945
0.9999999959993553
0.9990764665341731
0.22790809083169855
0.9987117997868142
0.9999894470047399
0.8473156723651745
0.9997007673233609
0.9999977957056538
0.9963198275744028
0.999761213318487
0.9999998513977731
0.9993146997540407
0.9992250982216829
0.9984134047298331
0.9999988533431126
0.9984428758016116
0.9372910947216654
0.9999902678349587
0.9993745024198194
0.9997053107715052
0.999958538675955
0.9987527445059283
0.06336665335338816
0.2536505971754953
0.9970000614187183
0.9999928144530904
0.12769078769861836
0.999651541283404
0.9998010711572572
0.9999794749876922
0.5149266519753407
0.9976872199876587
0.15571832136324767
0.08163040114873824
0.5763378169114359
0.9991849388376501
0.9999986043329657
0.9999999986624495
0.999709671514092
0.985243364068243
0.9999252275428837
0.9999984930704743
0.7040468851186575
0.9201592974046343
0.9996904441954413
0.9997679997131073
0.95127490648613
0.9991818218386208
0.9963715548419831
0.9996495550350232
0.9999224401436854
0.9999854028862042
0.05008847298009275
0.21383239556535294
0.031460881018557346
0.17609131330159802
0.9922097758833671
0.08051659222379091
0.020797929599131775
0.7768946181034032
0.14565499456016706
0.545406847962614
0.9664667576239865
0.9774225028327573
0.9899911972988839
0.9986800176004054
0.7732024192668006
0.3491748452479704
0.9993528322419993
0.9836814583377137
0.9920962936958404
0.9999995626177334
0.05411213312670351
0.5094786571607307
0.9992179444914483
0.9999067760808328
0.9990870277542155
0.9009170437550792
0.9992418252119922
0.999947647023689
0.9999989742522928
0.9536906164332933
0.9997702965084609
0.999997553915525
0.9999912276148409
0.9994931580661648
0.9996515353547543
0.9999852318740119
0.7343976574682045
0.14739033711303226
0.13169942858394282
0.06171527549815088
0.9960978886971384
0.9599648428166168
0.35325034987285797
0.47105502895951007
0.30353241276070675
0.9999615661003814
0.7046480627184691
0.5446473808493204
0.13024186126974027
0.13650027211214452
0.9998052615486744
0.7394883809644799
0.8246473476840502
0.0907283160377628
0.07164542566115638
0.9971247230875163
0.9988372161247451
0.9993863572287616
0.9984101658599812
0.9914927291904853
0.9999857518293774
0.7463646003424241
0.3879166806491463
0.9996582687502967
0.9969680807719535
0.9987663158661031
0.999817469971742
0.7219585226737976
0.9949653600064142
0.9875021993652628
0.9958974466788831
0.999987898991764
0.14835531466721127
0.9754313468439559
0.9993560223810729
0.999979057956777
0.9999579277569081
0.9999260041713822
0.9999999915252494
0.12498010913744109
0.9616849303925827
0.9794231645020639
0.9998697135578556
0.9999893989010022
0.0016709605658218468
0.8722393694006692
0.8778470795903569
0.585557486226044
0.22807837941993048
0.025924592850174476
0.03174486706792761
0.5947210726502005
0.7085982606217757
0.36663063711450994
0.14808158667694263
0.2443390975184386
0.4712283082574064
0.04949973726040573
0.3911335221963657
0.3696054342033497
0.5023895548023419
0.29214189799057394
0.6882543930921055
0.006357594303983522
0.45012113227982964
0.8743895283369341
0.9341143637255341
0.9806823519597927
0.33136747256533255
0.15953799906552582
0.6955414260727695
0.9860176168233231
0.9929728669637384
0.9822013960995115
0.9969431496969118
0.9998015479026069
0.9982118110962802
0.9979780726529288
0.17656511614170411
0.022467548079143886
0.9999366578367864
0.9999988874502369
0.9999984199162599
0.003060920602450706
0.7099677352507892
0.9988021523107043
0.998248567406646
0.880618550980218
0.10668882039856437
0.6730063312753982
0.4086625005607932
0.008277716992525741
0.7149202393089875
0.21555203122725028
0.6671815952761896
0.34585064058986253
0.00619147976029526
0.86208200973783
0.5418685150306516
0.9999987968806497
0.9999999900209077
0.15643639280244886
0.9999975644377436
0.999999926666327
0.9999999973615805
0.9999740392250293
0.9999987347128844
0.9960715005681172
0.9997316324203906
0.987695597021286
0.9999909063025523
0.9996698464494697
0.9535555155615534
0.9998694814191371
0.9997544692451122
0.9990140094704458
0.9994131498544916
0.9995295087011812
0.37309850671083156
0.9788409867277271
0.9982766259113122
0.9999928171294191
0.9989945708487832
0.9998966452727305
0.041974602522160134
0.9762791972032994
0.977360857360187
0.9414518523223578
0.9959157671184282
0.9999699471239559
0.9998482324685565
0.9966099678101132
0.9999755135118944
0.9999999999416669
0.9999999963172688
0.6514912333299135
0.9881948062884661
0.9970694117909629
0.9992720701237341
0.9700329299746638
0.9997876686058509
0.05164197562088385
0.9050950748748832
0.969608415540362
0.9993927157353615
0.9996370646660662
0.9952150978870778
0.6003228862307786
0.9999969532689185
0.9999971761337388
0.8946568505104774
0.999868075738272
0.9999886668945965
0.9999777922007341
0.9999322118440045
0.999999926556312
0.9999740012837246
0.9997304540468981
0.9994434983827709
0.9999998058906571
0.9998240477859734
0.9293760668069833
0.9999864635468177
0.9998129949883525
0.9990861225432517
0.9994844397784161
0.9994374324134593
0.026688797997701918
0.23652454809504334
0.9933226995606855
0.9999831718887886
0.17245311269252148
0.08409683706029322
0.383152261475935
0.9980028998277466
0.999999986344424
0.9999999988417037
0.9932643977025902
0.989283073094212
0.9784781694502936
0.9994470804373943
0.9999602992398413
0.9994488725311503
0.2255587724400293
0.0744212236554317
0.9623646632449536
0.10612484344415261
0.0958667762125177
0.2650854075831617
0.519507855593362
0.21892881957874838
0.08041011664510912
0.10629064926332761
0.9872300286391883
0.8940050595375714
0.9613725489175228
0.9668593625308027
0.9997303778264665
0.9927031203713755
0.9875698357501247
0.999989098643015
0.9984080484379204
0.9999999888494543
0.9999439454122896
0.9997218629313771
0.9999995276936772
0.9999880852568674
0.999966395805294
0.9998086387318582
0.9999999961867805
0.9997417565638493
0.9998893097603961
0.9999639026283109
0.9999997525378057
0.9969962531322806
0.9922616084360885
0.9980120969722165
0.9997508571115785
0.9999624136371627
0.9999997215011104
0.9999995469130244
0.9802467399242886
0.9984783471512149
0.9992780790332908
0.9999844082039341
0.1520708494554737
0.10590453218158316
0.7333461681861259
0.9995309142509502
0.9999999955757681
0.9999999999026248
0.9855049370912945
0.9726890282978552
0.9423501928217524
0.9983459859985497
0.9997966322090689
0.9990105403721421
0.2244180019129495
0.27674926937276567
0.9207725212295851
0.26043490083293896
0.17792003362418599
0.08866115232403592
0.11776842656904603
0.8522912138714788
0.07563997247103582
0.11493618725036414
0.08768937208357233
0.5580178561763837
0.9665341859774879
0.9998214537052557
0.9940950630211799
0.9994895053297903
0.9976266684742341
0.9964969107829752
0.9999957704885091
0.9998521297257125
0.9999805525334025
0.9999930221843223
0.9999926793725001
0.9999998868959268
0.9999935425976999
0.9999993272179539
0.9993859561518792
0.999999977020619
