100
100
100
100
100
100
100
100
100
100
100
100
100
100
100
100
100
100
100
100
100
100
100
100
100
100
100
100
100
100
100
100
100
100
100
100
100
100
100
100
100
100
100
100
100
100
100
100
100
100
0.9999999999995358
1.0
1.0
0.9667389513663405
0.9999999999575108
0.9999999999999882
1.0
0.9999999999999999
1.0
1.0
1.0
1.0
1.0
1.0
1.0
1.0
0.8610120226448351
1.0
1.0
0.9999087679715684
1.0
1.0
1.0
1.0
1.0
0.9999999999999117
0.051886064349909694
0.1725205526860265
0.12200299957495613
0.9278240026435589
0.999999999980848
1.0
1.0
1.0
1.0
1.0
1.0
1.0
1.0
1.0
1.0
1.0
1.0
1.0
1.0
1.0
1.0
1.0
1.0
1.0
1.0
0.9999999999998882
1.0
1.0
0.9999999999946723
1.0
1.0
0.8912087227373481
0.9999999992339113
0.9999999999997934
0.9999999999999997
1.0
1.0
1.0
0.9999999999994588
0.9999999999999966
1.0
1.0
1.0
1.0
1.0
1.0
1.0
1.0
0.9999999999999966
1.0
1.0
1.0
1.0
1.0
0.999993610110396
1.0
1.0
1.0
1.0
1.0
1.0
0.5584586289305932
0.15175525996865258
0.309759683858585
0.944396084015957
0.99999956252184
1.0
1.0
1.0
1.0
1.0
1.0
1.0
1.0
1.0
1.0
1.0
1.0
1.0
1.0
1.0
1.0
1.0
1.0
1.0
1.0
0.9999999999998939
1.0
1.0
0.9999999999940885
1.0
1.0
0.9050882956016814
0.999999999758206
0.9999999999995964
0.9999999999999999
1.0
1.0
1.0
0.9999999999996829
0.9999999999999976
1.0
1.0
1.0
1.0
1.0
1.0
1.0
1.0
0.9999999999999962
1.0
1.0
1.0
1.0
1.0
0.999993610110396
1.0
1.0
1.0
1.0
1.0
1.0
0.3711432287436952
0.08020934512372438
0.11097525760513947
0.2066304453732842
0.9999980902583948
0.9999900268875533
1.0
1.0
1.0
1.0
1.0
1.0
1.0
1.0
1.0
1.0
1.0
1.0
1.0
1.0
1.0
1.0
1.0
1.0
1.0
1.0
0.9999999999999081
1.0
1.0
0.999999999998887
1.0
1.0
0.9435442038222134
0.9999999998720154
0.99999999999956
0.9999999999999999
1.0
1.0
1.0
0.9999999999996511
0.9999999999999948
1.0
1.0
1.0
0.9999999999999999
1.0
1.0
1.0
1.0
0.9999999999999987
1.0
1.0
1.0
1.0
1.0
0.999993610110396
1.0
1.0
1.0
1.0
1.0
1.0
0.5584586289305932
0.16226588773183256
0.23731952127687703
0.8999406297148981
0.999999458638652
1.0
1.0
1.0
1.0
1.0
1.0
1.0
1.0
1.0
1.0
1.0
1.0
1.0
1.0
1.0
1.0
1.0
1.0
1.0
1.0
0.9999999999998798
1.0
1.0
0.9999999999944785
1.0
1.0
0.9074957440105665
0.9999999997534113
0.9999999999995896
0.9999999999999999
1.0
1.0
1.0
0.9999999999995709
0.9999999999999972
1.0
1.0
1.0
1.0
1.0
1.0
1.0
1.0
0.9999999999999972
1.0
1.0
1.0
1.0
1.0
0.999993610110396
1.0
1.0
1.0
1.0
1.0
1.0
0.5584586289305932
0.26016212524235355
0.18874945387734332
0.5528889762031257
1.0
1.0
1.0
1.0
0.9996806082606016
1.0
1.0
1.0
1.0
1.0
1.0
1.0
1.0
1.0
1.0
1.0
1.0
1.0
1.0
1.0
1.0
1.0
1.0
1.0
1.0
0.9999999999999434
1.0
1.0
0.9999999999943325
1.0
1.0
0.9218767550180087
0.9999999999199376
0.9999999999998275
0.9999999999999999
1.0
1.0
1.0
0.9999999999965486
0.9999999999999869
0.9999999999999994
1.0
1.0
0.9999999999999998
1.0
1.0
1.0
1.0
0.999999999999998
1.0
1.0
1.0
1.0
1.0
0.999993610110396
1.0
1.0
1.0
1.0
1.0
1.0
0.3711432287436952
0.842394277827008
0.7989397383342457
0.1901935122196836
0.9999767316304581
0.9999952978207819
1.0
1.0
1.0
1.0
1.0
1.0
1.0
1.0
1.0
1.0
1.0
1.0
1.0
1.0
1.0
