100
100
100
100
100
100
100
100
100
100
100
100
100
100
100
100
100
100
100
100
100
100
100
100
100
100
100
100
100
100
100
100
100
100
100
100
100
100
100
100
100
100
100
100
100
100
100
100
100
100
0.999999707622002
0.16722586986295004
0.9853946896671094
0.8902737443324452
0.9910765765544087
0.2795130346040938
0.9999976558322939
0.9946238044009498
0.9992559655626893
0.999988880206184
0.9996982027130189
0.9999972579651822
0.9999929863567938
0.9999926810195147
0.9999991263511543
0.9999823334221378
0.9999871395297525
0.9999998492660679
0.9998854097987785
0.9999836561899426
0.9999999975744978
0.9999991287094331
0.9998475870546754
0.9999894044211657
0.9999999914131016
0.9996626976463368
0.9941597613094398
0.9999975306793876
0.9997958769330907
0.9966681597863788
0.9997330164579207
0.999368801091223
0.15550511207697412
0.9686420356570686
0.9982043340302282
0.9999844624185417
0.9980758277978817
0.9998360180703822
0.3445968000425313
0.9361894266329491
0.990566002546062
0.9913972609239774
0.9723477391426794
0.9979682914529763
0.9999996605697684
0.9999865998090836
0.9286597070366713
0.99984351960704
0.9997560965706063
0.9809146637542747
0.9845442517817842
0.23330558601915546
0.020778447181539254
0.24589891826388777
0.9994466225148236
0.1560076777876649
0.9017077864784678
0.7274658086827199
0.9999515626870126
0.999821676720083
0.05455473973209402
0.2975946855298246
0.9911786254886645
0.7361712152605502
0.8176795432804748
0.918742324747359
0.22087362664388566
0.2883768961309464
0.9999999611185295
0.999999989256657
0.9907654046523282
0.9999371230875553
0.9999979630254884
0.9999999726463454
0.9999732532090281
0.999999421652763
0.9997087779484195
0.9994543591371421
0.9981388219581097
0.9999986033042296
0.9997472891368159
0.9571616341929158
0.9999799348501187
0.9997166262693601
0.9993000020944749
0.9995958468188136
0.9994859053660898
0.006609458245064684
0.12108199531159781
0.9952392023767512
0.9985104805131537
0.9853919492414953
0.9857681038734016
0.994252434121962
0.9524402087712134
0.7593767102856358
0.9932279940674966
0.9855536999612338
0.9991098040472022
0.9435188530230623
0.9932568440880961
0.9893129300062222
0.999953891725302
0.9997295398193565
0.2425963471299797
0.21805483999921313
0.99768276974842
0.9999792153133147
0.40046745348241763
0.9997562348386153
0.9997400414617293
0.9997265588912094
0.9999746617686631
0.9999614248784352
0.16548027965911785
0.04022280521097292
0.057162242704102986
0.16297316830880104
0.9409584058886437
0.015326770231462295
0.0793715548647643
0.001579538527591027
0.3496784677734764
0.05377017134880269
0.16386778013979006
0.25396392150135016
0.8395242275202498
0.9657705793042693
0.8588786790039493
0.8335388368930171
0.9999050492782255
0.9999100763458911
0.18585846818928642
0.9874809893398946
0.9998318095094912
0.9998390777364429
0.9968961556679885
0.9924301347217643
0.9999994021893271
0.9997990000916109
0.9996418236383834
0.9997785789718391
0.9984195290008745
0.9996173315110936
0.991635998699921
0.9997300565656608
0.8970813510743781
0.999376569162387
0.9998060192585259
0.9557666196580114
0.9628438371151129
0.9686389710606679
0.9970253649176112
0.9997627246825315
0.9358237371002275
0.0348955853852645
0.11892118608785579
0.12665185056133269
0.9722446120740919
0.9761408853203601
0.9997966667440633
0.9997395000912138
0.6839189344506237
0.830055805484828
0.9999991392015508
0.9999533051306485
0.5242395608681992
0.9998985789664602
0.9800040182053995
0.999501000677021
0.9988993710818602
0.9998494339449384
0.1649356308925895
0.032641716301188436
0.10230395849651557
0.39665002264289306
0.1566844295059172
0.7049952271782424
0.9911627216737009
0.9752580057031388
0.0019054014351432631
0.05049450515693779
0.03936553454159209
0.6606159005508162
0.324559783616213
0.4171733333547523
0.6312012005743849
0.5184474500608643
0.9983938379818399
0.9994919794945951
0.6409443310011155
0.7112117512004439
0.9992955284152345
0.9999280225632253
0.20353103089305327
0.9996491158255678
0.9999919596128045
0.9998357888234758
0.9993179186671597
0.9993397154194913
0.9999704911696329
0.2813318701758988
0.40112779258233183
0.10489175367488647
0.08956602043917604
0.9620798161250321
0.03780062935061807
0.04056217980856076
0.0946419372259999
0.9845643245052385
0.4451221262080256
0.02547395273451356
0.10894941894918568
0.18334133702101585
0.05385431408797126
0.024684926860683198
0.10355052816159382
0.05228188360134997
0.898771586384005
0.9754627986164297
0.9999078542139153
0.9930004083845764
0.9906534029908501
0.999978671853062
0.8812655712006323
0.34131998284289294
0.9777045216643377
0.9950964024546303
0.9966655197936625
0.9989994053928234
0.6924652081959302
0.9914239312842197
0.9720916606607345
0.9921021964764533
0.9998922495036976
0.2161435922961608
0.8138868916721828
0.9984447739534685
0.9994843404787498
0.9999846288817852
0.9996376898452685
0.9999999263315559
0.04594355164136745
0.1006209657070149
0.11499303825499685
0.992999520132076
0.9971481504263441
0.9999233226125914
0.9999824870051257
0.6642073406886742
0.9994434950696446
0.9999726339254247
0.9984895283383002
0.9999910195833089
0.9994973763863547
0.9893153730930119
0.9988179946988913
0.999999125596884
0.9999999770971996
0.1511965372104503
0.9493368220589321
0.8954807499856301
0.9908173675292262
0.9969939570752435
0.5730803041003372
0.9999961966018798
0.9997781149698115
0.9999483756919206
0.9998080693497814
0.9999349571717145
0.9952889503140688
0.999865686556168
0.9473989556372021
0.6145176064252861
0.21005773664457386
0.38857216501794495
0.9876269414598903
0.9862936252250438
0.9930529500112292
0.9999905322711379
0.8358142483482449
0.9998604711125763
0.9999550666494735
0.9999800402003804
0.998471540641389
0.9997533240951507
0.9999996806053982
0.9999565470562084
0.9997974787357594
0.9999683180600771
0.9999677725494285
0.9998948705514661
0.996233869934939
0.9997438669368665
0.9900728187037566
0.998912162229443
0.9998795050277113
0.9578889756644772
0.9733878119938307
0.9650078798725512
0.9948221021294497
0.999920826820625
0.9429579980200057
0.3551286497970213
0.2537815676257993
0.08442824109611251
0.985761760220565
0.9949309510516452
0.9988755254409725
0.9998320536927956
0.3991656731497735
0.16511998051539264
0.9655967777996348
0.9217696670867563
0.9988454244206747
0.9787141957726139
0.9994514792789043
0.9999942943039805
0.9976922370711625
0.9987596039050034
0.06366997878969022
0.05021044738465085
0.993540278927566
0.9984786067931762
0.999997530316151
0.9999999963951245
0.028978501139046514
0.46406219579069813
0.9992590731548636
0.9995251961406917
0.938488332403059
0.9997530547623272
0.9998777535640058
0.9997815016993612
0.9996714400758243
0.9989230311374805
0.17642924240903046
0.22541474985701027
0.9083897650342451
0.9986628411721418
0.9999881054469726
0.9999999433318886
0.9811851990386843
0.9977720261890136
0.9962307175516911
0.9997883750344762
0.9942383100611512
0.9950675930489884
0.99928325393414
0.999761236327441
0.9832381545180864
0.4172627157204678
0.35314200683842695
0.2947379391287664
0.028115042655929182
0.9860311367265208
0.9853272647294298
0.9999973353113208
0.999999999401088
0.5255325876863863
0.9191218954381613
0.9999079546124903
0.9999763025728771
0.9996652590485674
0.9898287810730018
0.9999995325016823
0.7900681396422177
0.9999995653443218
0.17532669236769655
0.9999681014201478
0.9193225444381167
0.9998673457146944
0.9823144006557124
0.9992113193410284
0.9045477610856075
0.9987994826673352
0.005881255217342514
0.0814074008616121
0.08737144234513908
0.9999264037792218
0.012565499982306914
0.05728098440538906
0.5093673697223998
0.9986222083530844
0.13724921411150154
0.11167753887086126
0.2759852312234414
0.9935132476623428
0.044313021341268216
0.18879663976169164
0.07824991427349838
0.5652340014376758
0.29121825804636786
0.11982624370097536
0.08256164251849502
0.9995392334684596
0.09583846438126124
0.07223243690880055
0.07344616844457691
0.9992877000453209
0.052570547918832554
0.2386940164184369
0.3197477880859962
0.9996582703864456
0.02211239051668599
0.9495412452811676
0.7324070607840129
0.9999140990077086
0.999965847319171
0.14161637273818684
0.6725535842611228
0.8912576195908167
0.9993770772763155
0.6834167982446621
0.971422588057906
0.9997296452218529
0.9258576991183707
0.9983077131057861
0.12101284881177048
0.05024319887427904
0.06257124049352372
0.9969813998323084
0.9999744165919248
0.999999998317219
0.9999999891683536
0.9999673715692234
0.9970754195074746
0.9999906102436743
0.9967868461579187
0.12211729889481662
0.8501127245201668
0.974611516165855
0.9999806480063177
0.9987083788202783
0.9915436001036375
0.9897515111660165
0.9996548215025178
0.9985051152854357
0.9879497468776272
0.06880104408780505
0.09109296790122093
0.016208381170002315
0.9920696955522611
0.999937957119944
0.9999999707119607
0.9999999989932553
0.9998605202476745
0.9922146771028905
0.9989360522643361
0.996330886484116
0.8820779955641713
0.995346013746093
0.9999671454920008
0.9999463763185166
0.9999267986140192
0.9980380906797099
0.9999960721376305
0.9997183585173546
0.9998397315511452
0.9999754891692137
0.9999969014487128
0.982582994962949
0.9999920949704477
0.9984419192173041
0.999999210840604
0.47583337762367683
0.8859864778758323
0.999475936228173
0.30586586733421567
0.9964353991854983
0.9999176236379907
0.9614151491849366
0.9999682952252544
0.9999998929323097
0.9999145789029602
0.9996348223220681
0.9986253094391445
0.9999987980285251
0.7714362051719121
0.9873326989402659
0.9970390450313481
0.999986195230909
0.999641313118165
0.9996994897869317
0.9950629932161815
0.9999109980139078
0.9993912128794714
0.9999652806703601
0.12373111569038416
0.31227479440025546
0.9329855046190438
0.9992791773557478
0.9972157463448624
0.9998337836547793
0.32896259836190944
0.999999999563498
0.9999986994946279
0.8425657594748887
0.8671395662110936
0.3227377171166144
0.19270436944094402
0.8754582598182715
0.9998682839241505
0.9999964401343069
0.999682152216433
0.9999999589003804
0.8469658884493063
0.9999236901281662
0.9989409544684262
0.9999238022585609
0.9996946630638399
0.9651939730065899
0.9999999989689947
0.9999999997275817
0.9988475632944073
0.9999998237937909
0.9999999980015588
0.9999991048986246
0.9980188968827068
0.9999997986346133
0.999660287745866
0.99998929535731
0.9998461713302577
0.9999999733527736
0.9999960616393553
0.9737642435144647
0.9999987725725202
0.999846308499008
0.9986106957651315
0.9986921876777752
0.9982296814452181
0.10658292475001792
0.817905073052667
0.38642623827607203
0.9999959865251189
0.9999978037417366
0.9997919371252103
0.9999963682419181
0.9999922685374452
0.9999923991893178
0.9997381588453467
0.9989569596488692
0.999985754375064
0.9999860716804706
0.5531891136732396
0.996044631473661
0.9964374202171132
0.9944225382140472
0.9999699339531934
0.9536313190369772
0.999935688027904
0.9991802878066595
0.9999960427277935
0.9810455928857941
0.8356837117471936
0.9999155189179597
0.9187138759215625
0.0055554475818847685
0.7483036283406469
0.07904175508516206
0.12580059492197168
0.10411459701539204
0.05674007969967412
0.08393035645374564
0.14218071188679499
0.1716667748849059
0.7946970989987849
0.63246897294576
0.8465173584099265
0.018270784392914317
0.4241131514231306
0.002627606713306136
0.46199809941352443
0.4911789280660292
0.028195262036549575
0.07672922374228873
0.12424616924773522
0.9628726821338218
0.9982308930815049
0.815779415520143
0.9978924378997996
0.8718425987925118
0.9988404920935485
0.673402901383171
0.023518729351963908
0.6785067702768944
0.4584965929644894
0.022915013226818354
0.06884533115054088
0.10351641644486631
0.060127328527939616
0.011243234464746928
0.8930149765085251
0.09128913064423469
0.0688118330199125
0.04740001944059729
0.8537250167629407
0.9590282089318802
0.999017270235465
0.9999993096565893
0.9939465670039588
0.6323060833298243
0.9958433630140242
0.7962129278235669
0.9999578891526876
0.7474987599889149
0.999864715527854
0.7406765127547795
0.3332465235320525
0.2072141695230013
0.8285713879388219
0.7874360246638094
0.9939827199406284
0.012011583761360255
0.0689021331585498
0.048314507843914785
0.06594074923104404
0.08322277515453352
0.11174464771353342
0.08791099869850869
0.05979147295091211
0.17922288472405787
0.06834246764877057
0.864442086973936
0.9941267080990903
0.9600758311624317
0.9981244286816959
0.9191323219667581
0.9997878469235953
0.8271420038910248
0.9996179106323719
0.49568528623679375
0.10816407174680293
0.16564364515344188
0.16266762857445966
0.4672616591692262
0.05033164683273279
0.7568844786084878
0.999228179085894
0.9999947499105567
0.9999982437304671
0.9999646099633115
0.9672442552336827
0.9998330213921409
0.5595527755202614
0.999871720247507
0.5726661122539893
0.9998281048653224
0.9983424257424311
0.9954552868342241
0.9999630682823135
0.21339179279472667
0.9999955849181058
0.9998843079150852
0.9623643982533299
0.9999949918685488
0.9989073870914611
0.04258443352654174
0.5393547172380557
0.9755618363134774
0.9990848265397212
0.9999993702396774
0.25322328555139356
0.1359777593566221
0.08649032714922286
0.8711832268992283
0.9997805644823595
0.9998755727167266
0.9999999773678291
0.9999876490339471
0.9145337637896696
0.9998445535823098
0.9993838529718267
0.12983130469243043
0.9533407006088617
0.9986165868463598
0.9999778323432656
0.9994645117074453
0.9976117790228276
0.9897578912653233
0.9999008822077265
0.9992335754526241
0.999133349669491
0.2720126731786427
0.9999566329354239
0.9999087914144955
0.9999475321284886
0.9997697248122497
0.9999226615744563
0.9996267994148744
0.9999896743330345
0.015219917905409618
0.9997668845171876
0.9928622768812162
0.8684700693660427
0.9999660354009323
0.6281261073738276
0.9476914882252891
0.9965279705593472
0.004491780880983135
0.024694246203338453
0.8921301196946817
0.5091701105402476
0.01891269010509936
0.3895153439100548
0.04931588013298594
0.1497779342098314
0.10692136541987225
0.993300119640401
0.3126475837011946
0.9999991166932191
0.9758991385847658
0.9501566943740527
0.9996062532239092
0.999981294862241
0.9678485163058147
0.9999997052975403
0.2828970761093357
0.9800703230978449
0.9999981861806468
0.19592552564030685
0.765467075668951
0.9752981679367974
0.9800835595259133
0.5650493288577549
0.36963454760758174
0.2393768294072566
0.9999899495128713
0.20648944889776227
0.04064236704338203
0.08633347501551175
0.9981018349271521
0.999894372480301
0.9999987971295404
0.9999999999880118
0.28709821783503175
0.048718840152711475
0.10566432925566231
0.1195263473760138
0.9343495785388982
0.9928837535888412
0.9999944767327997
0.999999697796817
0.19073734496969247
0.9999568773513695
0.9990233271400288
0.3312498724823032
0.9930425933972294
0.9252261549692459
0.9965204929298062
0.9975076721650183
0.5910000841592268
0.9999642120542925
0.9994779496374638
0.029334802432491713
0.999999999605492
0.9999999997092781
0.9980249118145744
0.9999999766073081
0.9999999998850497
0.9999990830260782
0.9999907675221418
0.9999999045578861
0.9999956073769369
0.9998692115403273
0.9988171140865745
0.9999986872556238
0.9999763003459764
0.990691295106757
0.9999806961895465
0.9998022751529649
0.998225148514615
0.9991660078313971
0.998904971268768
0.007196715249409854
0.5233768228782201
0.9992055300841959
0.8842871601370784
0.9906194280232533
0.8733193498623013
0.9811563324749486
0.9651666349707282
0.9895239740999587
0.9995545023126172
0.99771699343118
0.9999989443071178
0.9998240052719717
0.0006907393996086052
0.15010120249153686
0.5306330093975105
0.34683098284047575
0.99995972335459
0.11548619205108554
0.06308374087852381
0.1148286288743434
0.8533351189063747
0.8754998135517015
0.9999996834399096
0.9999974534753017
0.9999759311709426
0.8976798843710831
0.9999567879603123
0.7160418240362535
0.9996569402769089
0.9864001610568102
0.3380302059786055
0.25598218686631663
0.01056555649818301
0.15648472919800172
0.8472520631062277
0.25903832563304136
0.7815623937823966
0.9451290929169509
0.9999476512409128
0.11401721611764262
0.8352461707399791
0.9160542029529912
0.9999987661627828
0.9999995149600351
0.999991349537077
0.8862953084253696
0.9999498234638787
0.3725670437898333
0.9992631534040128
0.9999985779243276
0.9966625688354612
0.9999880180041597
0.9999997239115399
0.9999722484398563
0.9998703829516044
0.9999994666980002
0.9999747129449045
0.9998800973884949
0.9924632946577668
0.9999993401331858
0.9998767021057755
0.9649487866574411
0.99993573016753
0.9988813417778488
0.9996928347422086
0.9999131654091101
0.9995406152524209
0.06912254720560276
0.9439602250485952
0.15193834793811856
0.11273520082740414
0.3241987746809398
0.9989878216081833
0.999999978885759
0.9999997987527193
0.9998001925222467
0.9999248111430621
0.9998176416959748
0.9992595463113697
0.9523036775660639
0.9991715336112408
0.1689837963533206
0.9491437531964073
0.07060279431976671
0.043425139888198426
0.032171215995384944
0.9896878522379358
0.8995515375135705
0.9998663323311755
0.9998105888842336
0.9917595331691301
0.11044065743248602
0.09703459098896948
0.1035547359804505
0.9956871979913571
0.9898516339996796
0.9999908803574463
0.999956728835042
0.9912084181874312
0.16929681087955817
0.9731198248300279
0.9419910274996526
0.9998021917452831
0.999991260813693
0.8982437446798265
0.8667743945627346
0.9998076000530308
0.23945621257344152
0.8849535253776903
0.9941315426089117
0.9999932750084243
0.999999998133926
0.9997536834193725
0.23780430543735778
0.9999090909423692
0.9999169661078524
0.1744257519324518
0.999884212575505
0.9974658352768312
0.1675748754675497
0.0007645959323300544
0.12895464009414775
0.020224080964688272
0.3189512931159482
0.06100127565079179
0.3882571725200428
0.5003375269648448
0.44385313214512684
0.01685428638481586
0.023645420490059594
0.08284218338407653
0.8306903217577991
0.26798911858193386
0.9994318243927938
0.8807443694860305
0.021237280811401454
0.010129370845993576
0.6577951393219647
0.9614720934394313
0.6087180418313685
0.964978014966116
0.0580466841965046
0.7510065809448214
0.6315754189191021
0.2219806357313952
0.14848859187942717
0.25395379193872
0.030413559573465764
0.05766523932091241
0.5568724903143383
0.3111570844513152
0.0075713831007876535
0.5671158714757929
0.593802330098587
0.7014898373718069
0.9999916031305031
0.99999893674022
0.9887843126877485
0.9999966763507301
0.9999995870023721
0.9999979348968348
0.9999736336325266
0.9999996296368181
