100
100
100
100
100
100
100
100
100
100
100
100
100
100
100
100
100
100
100
100
100
100
100
100
100
100
100
100
100
100
100
100
100
100
100
100
100
100
100
100
100
100
100
100
100
100
100
100
100
100
0.9999404553229884
0.9999994268089808
0.9999989005310967
0.9999964021480297
0.9999999263014817
0.9999999644326331
0.9999775582639521
0.999998632310224
0.9999942723780965
0.26665266910848323
0.18452794837705783
0.4975367776272173
0.6759289033953334
0.970083831447875
0.08272463779279232
0.019532969759081278
0.41640871018464615
0.9159955713160233
0.6706547672624691
0.15136997005076092
0.8179679758066835
0.24443170645780335
0.8595567583666337
0.9994039398381838
0.6266264721829375
0.9927055140380212
0.5823534561992463
0.7474069287272249
0.4390467711569922
0.8904160126713881
0.47233885049405494
0.10947323488513365
0.3454113754614165
0.9999999999999993
0.9999999999999993
0.9999999936810159
0.9999999999998122
0.9999999997934494
0.9999999999883938
0.9999999999928115
1.0
0.9999999676697162
0.9999999782422788
0.9999999994529072
0.9999999999985213
0.9999999768579217
0.9990943310391535
0.999999999463413
0.9999999932720011
0.9999990762799688
0.9999999699340529
0.9999999903623319
0.8242877110692158
0.999953165294678
0.9999999012334311
0.999999999998575
0.9999999994428843
0.9999999999893975
0.7116220427552209
0.9999995810450123
0.9999999621890705
0.9999324027173716
0.9948877741712621
0.9999999695049333
0.9999998235614731
0.9999999377580904
0.9999996707600277
0.9999999999980947
0.9999996014376905
0.9999999999999972
0.9999999999959569
0.99999999904937
0.9999998523025947
0.9999999999999993
0.9999999998788572
0.9999999998108333
0.9983915364540425
0.9999999999878558
0.9999999999570749
0.999999992797156
0.9999950267023426
0.9999818192397202
0.9999961972373052
0.9999762802203519
0.9999999917713377
0.9999999999050878
0.038144498999873905
0.21169934784544225
0.03461939654220284
0.007695144788532244
0.8996716435722086
0.022104948822083217
0.7723052764319616
0.5659633127235547
0.48627578958840306
0.9999963711187232
0.2305678270132145
0.4279113494032062
0.9173586857511076
0.8931649705806044
0.9999998028955459
0.9999706794766047
0.9999995827589969
0.999999999441705
0.9677872355498602
0.9338092419729009
0.9999992100811457
0.9999999933787337
0.9991860300789375
0.9999999977545152
0.9999999999136007
0.9999999841086976
0.9999999979000019
0.9999999215853616
0.9999999999239408
0.49193116105575324
0.9999999984694691
0.9420391487681758
0.9999999983529165
0.09130976860556488
0.8170809370393283
0.0439614263839621
0.9965051657532126
0.4864587463350518
0.1874950573499241
0.40523768321972486
0.9999781029870329
0.9898867343993549
0.9999995914619411
0.9999997110358182
0.9999933104350092
0.9999999999013389
0.972254176504086
0.9821068640131937
0.9977913256816613
0.999999935232922
0.9991377761325771
0.9999998880364497
0.9999995477784315
0.9999994749375898
0.999999998312041
0.9999999997839352
0.46152155138955037
0.22089859013928842
0.3574803430816227
0.016873405008531992
0.27570569580481397
0.5514190837048797
0.04265810152617717
0.9745547506731614
0.7735167970057053
0.018538508766126643
0.3424932025801074
0.3276977957912871
0.23396564000813458
0.5550713252551404
0.18949788488159006
0.8808968050047217
0.31033408768475573
0.037410571574496905
0.13249801705521966
0.8633245972456617
0.09937140371883707
0.9087340050077027
0.10205402848119298
0.7383195065624808
0.9781775805990541
0.9999730764433545
0.9575069257459845
0.9999978432964531
0.9995515410553883
0.9983724462072632
0.9999955716450311
0.9999997384345233
0.9742392751220171
0.8143014813452127
0.9999999605769184
0.9999999842519406
0.26432008681659513
0.9998603649972765
0.9999910685507395
0.9999999999999689
0.8928404306578336
0.9999988564929062
0.023124476951190603
0.15310991432467655
0.9982197897779105
0.9999999987940676
0.999999999984425
1.0
0.9999999130812404
0.9729609723452608
0.9999955697751797
0.9999995524631357
0.9926813363520006
0.8800217754629831
0.9999999930988991
0.9999999997152016
0.860923178620247
0.9999997900827354
0.9999917252721947
0.9999995820802433
0.999999994025398
0.9999999926006646
0.07183658153694648
0.794564320654
0.9997381376496436
0.9989155327755075
0.9946750972981588
0.9996622491790331
0.7733793973754949
0.999671849146744
0.9999994909002524
0.9999969601576455
0.9999980712372679
0.9818530895312816
0.9962011526484992
0.9981257186089908
0.9999766272272805
0.9999999810515094
0.9484941035656476
0.9359761256527805
0.999999901966426
0.9999999993920045
0.4040953976217206
0.9736875439662572
0.9999384245247466
0.9999999999585355
0.1850236822912293
0.9999999998113226
0.6064020113397404
0.23468338662853344
0.22882760926745335
0.999989947589445
0.9999999668821098
1.0
0.9999975736756661
0.7587604153242796
0.99999126135999
0.9999992547144068
0.9894772458505393
0.9800073477037387
0.9999999919356076
0.9999999996934094
0.32874134591484827
0.9999999254175297
0.9999999685329074
0.9999999668663987
0.999999790102482
0.9999996403118223
0.9999999999402879
0.6681284658189316
0.6792711241327672
0.025924911468606014
0.03557378791304562
0.9999046111307976
0.99629161333236
0.4004380557457759
0.5183112349202224
0.5699962102495092
0.9999999348448672
0.8173640722984101
0.03858525244904107
0.4688890080030679
0.10116975160378798
0.9999999820522517
0.9666209410027079
0.9657139712392275
0.2618824195262156
0.01829700071565499
0.9999988553742247
0.9997045110380762
0.9999981148585116
0.9999950684934024
0.99976312873603
0.9999999990358445
0.9710778580415805
0.549983162290674
0.999996829121031
0.9999995387109747
0.9922316914211746
0.9999997947646017
0.9999950808114807
0.999997174366765
0.99999999839822
0.9999999985629049
0.4811281731664396
0.0653214714483643
0.23597413468207531
0.13704783676438687
0.4167484766550327
0.9952542887563763
0.9999805307980115
0.9999071693796433
0.9998509162040086
0.7097397058479465
0.8862594641433861
0.9881077035404402
0.9999990242268736
0.9999980712077416
0.9999981172789433
0.9968512152749262
0.9996137640151119
0.9971684404421791
0.9999749078107
0.9999999831200211
0.8446860836679524
0.2519539154721279
0.9999995762972579
0.9999729239096657
0.9999930463415784
0.9999999954294809
0.9321573434846624
0.9999981686730254
0.9999999908203915
0.9999999046766109
0.9999999952845942
0.992320442702993
0.999999562522306
0.9999999999918627
0.9999999999999519
0.9997969997260834
0.9999999912821164
0.9999999999996686
0.9999999999218814
0.9999999811040644
0.9999999989145426
0.9999999995222482
0.9473270837364407
0.5147877719292525
0.26648323288542586
0.4124737968690328
0.9998905670690257
0.7959884330699397
0.38542672332115835
0.9927914413941447
0.9999999999971287
0.9510537650053268
0.9899883894832722
0.09376080039462419
0.041141763961837885
0.9999999576056695
0.31190536200462254
0.9575087106617216
0.9977661366367969
0.9999961917482945
0.9996836789107625
0.9999999870967573
0.9999999802157677
0.9999945236138426
0.9999999997506638
0.6988874412185364
0.9836689862610037
0.9999998585223292
0.9999999584138487
0.7359418908193348
0.976561217802811
0.9999993029223766
0.9999999999991125
0.869516202286882
0.9999999999884699
0.5030867529799037
0.09067379677174171
0.1501663835492354
0.9982976107463848
0.9999999832763469
0.9999999932270823
0.9999999999999998
0.9999997828613492
0.9999907845420644
0.9999959854007754
0.9774199153431574
0.9993272209488265
0.9972490640717674
0.9999999989398559
0.9999999993367183
0.9974853213300509
0.9999995925457974
0.9999452274591535
0.9999994028975299
0.9999999942340956
0.9999999927938499
0.46459798764887394
0.3044870566146521
0.06735292093186072
0.16710030479340574
0.05082829485426886
0.6728763324302997
0.13021474917811707
0.026806118019739755
0.9999908461755476
0.8929139664808483
0.992583728590421
0.30676899127853
0.6700650217130476
0.9430383091681787
0.09962131574768773
0.9904111051841079
0.9999144892526552
0.9999997378218985
0.9999999320932248
0.875921871063
0.7839723550572856
0.999879438285042
0.999552297950561
0.9999627507598081
0.9999999997554724
0.9423837318568558
0.999995078226716
0.9999999719065604
0.9999998829794046
0.9999999889832845
0.9920437256584982
0.9999999444440438
0.9999999999967069
0.9999999999995892
0.9998877476650004
0.9999999971356831
0.9999999999999792
0.9999999999842901
0.9999999953194115
0.9999999988434943
0.9999999991979379
0.9873238769168967
0.5490797787515039
0.22601820411226586
0.014396672750493899
0.9999984886131191
0.9999588254954728
0.5308344130449593
0.7597337431697082
0.8405917459385848
0.9999999622330609
0.955496478935437
0.8817959317147713
0.03952183215354979
0.1166043515385344
0.9999999858894759
0.9893901942421716
0.9516966935334614
0.29615076504186627
0.5948701597874815
0.9999988193623282
0.9997400702409946
0.9999985293380801
0.9999994560885144
0.9999661184617811
0.9999999990135658
0.9766038937236718
0.840716690866842
0.9999973738365867
0.9999998775900026
0.7882845160189131
0.9999999631344811
0.999979522873654
0.999994156065239
0.9999999994849972
0.9999999966851019
0.1506315168492122
0.7943651676580954
0.9996417115886336
0.999751497270628
0.99936698153222
0.9996492808271362
0.7005944850865378
0.9994906487129356
0.9999993225571949
0.9999967817122113
0.9999982469746957
0.9745486044156895
0.9932106629781436
0.9966083002918791
0.999937801669745
0.9999999830063924
0.8523986889562057
0.8829186583909582
0.9999999730625262
0.9999999996854939
0.549179521211133
0.9999999765824192
0.9999999998545052
0.9999999884892923
0.9999998487605961
0.9999998876165822
0.9999999999471655
0.43655080806598273
0.9999999990096914
0.9422971616913856
0.999999994590329
0.2061500256736592
0.19705609895872533
0.4792028538997086
0.21928317114400553
0.18980145141527557
0.09852469472596026
0.9990416119203488
0.9999999989185107
0.9999943190351246
0.9999999767537593
0.9999999996433782
0.9892768983845007
0.8085810566741745
0.9993245512375791
0.9999999233583767
0.99452988477315
0.9999994719553936
0.9999998259682112
0.999998481584566
0.9999999999406467
0.9999999996746424
0.0266873544770452
0.06701224433400263
0.06073367418092338
0.04069122526065371
0.36573031403828854
0.1247168821039145
0.6562132872589533
0.36537671889618306
0.1449148251781419
0.9957207059611501
0.9999886128954671
0.9999999945246248
0.9999884820114298
0.9992360450335527
0.8699589765043982
0.9999982882628271
0.9999999989490933
0.5358705710507763
0.7442370279400046
0.9999560250859334
0.9999999999977579
0.20047067532893
0.9999999998766738
0.6510655716958278
0.11096492595900583
0.09792757727733255
0.999999828538422
0.9999999998624165
0.9999999999999998
0.9999980505679653
0.9979641927350168
0.9999978979333853
0.9999884635749652
0.9977592882145602
0.9965964421667559
0.9999999983698816
0.9999999998175121
0.4273998746700768
0.9999996883517329
0.999910572269303
0.9999998062471827
0.999999999131916
0.9999999665802176
0.0634572497251087
0.33142019505628845
0.30503472116873204
0.8642556128166959
0.9680741068231209
0.7827178164537456
0.9979293063800488
0.7136783530744653
0.9996002502683589
0.9794898284414577
0.9999995655118384
0.9999967349562096
0.9783626999375872
0.8959021871555664
0.9999999224169449
0.9999999992028482
0.4803185136837532
0.9999999750706213
0.9999999999537499
0.9999999841702755
0.9999999971483974
0.9999999345912427
0.9999999999143974
0.7442692226209823
0.6946735705936431
0.061941827844485785
0.1717162929670926
0.9999169092772826
0.9972875777408493
0.47840261084717545
0.266201063403258
0.7519813222523667
0.9999999807324996
0.08453836915491969
0.3372295870630053
0.23639715387485893
0.999999997519607
0.5597699435625825
0.9936617632774783
0.1488898178976781
0.23158194630243037
0.9999990655114631
0.9986433697302973
0.9999981015623437
0.9999993094881188
0.9999974446427026
0.9999999985929953
0.9833617589482364
0.6171408856868067
0.9999999420297476
0.9999993167024255
0.999997830802364
0.9999999496242831
0.9602880990614743
0.9999938529306072
0.9999752556330291
0.9999577313325623
0.9999999994163624
0.4142698557185762
0.9999976804520202
0.9997853982733815
0.9999990753437787
0.9999997320908436
0.8924917092569579
0.12061996584999503
0.34847463911728077
0.9999560868626054
0.9999983092305702
0.9999989031700266
0.9999999406464837
0.9418324973095568
0.8946268366109285
0.9999999999969569
0.9999999840306859
0.6770874351733945
0.9999999992346673
0.9994896740643033
0.9999999776416338
0.9999995325654546
0.9999999946489002
0.051856064909198134
0.220171155060347
0.11465607574585568
0.05440736595398505
0.663412495841969
0.2019469648940502
0.3833644608913207
0.9985787982629861
0.995045346323878
0.27763205750097236
0.9935950150096929
0.9509564381440588
0.1273884523741756
0.281794932164949
0.5670196360591998
0.5268275257011514
0.9975130505709595
0.9999642619824194
0.9999863750015755
0.9999989950456896
0.9999364554336427
0.9999997995256787
0.9999775479047882
0.9961986535501655
0.9997908696276826
0.9975777011154083
0.9999999995262612
0.9999999999999967
0.9661144758210026
0.8886970488826412
0.9967237181381432
0.9999974029373166
0.9800854079395747
0.9999999672416999
0.9999972511630572
0.9999979033458379
0.9999999978924016
0.9999997483276045
0.9999999998457958
0.3605404042469801
0.9999999957940082
0.9818469904278244
0.9999999970213741
0.08349616782417336
0.12122988937984955
0.9995257187542393
0.8178218688106664
0.666913721377487
0.8440707130543205
0.03700063908346441
0.977340794674975
0.9442557518228248
0.9999999992700537
0.9999904563031166
0.9999980554814722
0.9999999997183272
0.9895950023993925
0.9332644011175248
0.9999792509100404
0.9999999831542998
0.9998706162818731
0.9999998711474263
0.9999992346329722
0.9999989570600383
0.9999999997666811
0.9999999999808072
0.48579050103443966
0.01360729284048882
0.11232254454074278
0.005690256967990861
0.14932574675348187
0.8203294140039178
0.7885060793062336
0.9895567902561093
0.9999704729183087
0.9999100458630431
0.998259396154749
0.9727771549552873
0.9930734031716085
0.999658084709802
0.9996830345413115
0.999957872035903
0.9993597134409131
0.9986601398245908
0.9999834895877908
0.9908987124511247
0.9999987853918594
0.9999999795678498
0.9999984519519882
0.9901197633283846
0.9599765961381969
0.9999999235916803
0.9999999871211852
0.3244832766861208
0.999999766352679
0.9999998846242387
0.9999999805215755
0.9999999637686715
0.9999997972273454
0.9999999997412634
0.6603149683379462
0.6597971570700795
0.06801018063772282
0.2847485729279979
0.9979743253979605
0.6018005630410816
0.36527493694344515
0.5553199200056336
0.9999999909975086
0.7193251345524259
0.10201606868450187
0.3741863525121866
0.20107924832822194
0.9999976687230963
0.8705832101446416
0.9672808249044605
0.2514451030718159
0.05293728609003724
0.9999879003029898
0.9991023762800325
0.9999999554669287
0.9999983785043574
0.9998089877450618
0.9999999999444598
0.9891145075524804
0.5798967016566271
0.9999999261996434
0.9999997782686043
0.9886323680561226
0.9999999549890864
0.9999977635339562
0.999997499000045
0.9999999990130227
0.9999999989743049
0.027419563109057975
0.0647807599316677
0.019907722899215195
0.5097651205358722
0.6788983801075352
0.9999639895939317
0.6385054746681575
0.8064998181851302
0.7167133481049583
0.9998583363840866
0.9999743250059941
0.9999993412555448
0.9999997859916588
0.7579724174102404
0.9262354136801072
0.9999998147849014
0.9999577922609738
0.9999709329353087
0.9999999999977202
0.8778016379560064
0.9999952681438017
0.9999997264530751
0.9999995854493977
0.9999999840532271
0.9948645287405464
0.999999821753608
0.9999999999988185
0.9999999999998948
0.9996436723071798
0.9999999464177184
0.9999999999999138
0.9999999999483283
0.9999998634834238
0.9999999890652694
0.9999999998023918
0.020965311694838944
0.9999999999717303
0.6665550642723161
0.9999999998040616
0.18896464096561863
0.0640785074718122
0.04956910974963067
0.9979364288108059
0.014057998423725097
0.33251036873875045
0.1533502081670254
0.9998335237705157
0.9981030389882023
0.9999999878960715
0.9999994847148207
0.9999973547252664
0.999999999147943
0.20850413864077483
0.9999960660765018
0.9999998481727226
0.999999999997335
0.9999741792550398
0.9999987409922342
0.9999999999999973
0.9999999999875359
0.9999999999655649
0.9999999985168019
0.999999999232227
0.9999999916987312
0.9999983960960925
0.9999997488596155
0.966687959854429
0.9999994085690116
0.9999999995286478
0.9978292219830224
0.9887032310055842
0.939570158766724
0.9999727969654348
0.9999999996004075
0.9995611763494483
0.6623879519852975
0.1796699859425255
0.2603441779830957
0.9999977490534542
0.999977871627681
0.9999999930011153
0.9999999651706399
0.7180623209576478
0.8216478683115872
0.9996977713644699
0.9999996821937654
0.9999997754183121
0.9998564547177818
0.7694469895484156
0.999999848758987
0.999993394857566
0.999982152733287
0.9999999931942855
0.987639876133587
0.9999999374707385
0.9999999999860175
0.9999999999999707
0.9999176222237522
0.9999999658294091
0.9999999999999919
0.9999999999854403
0.9999997793964543
0.9999999788448203
0.9999999997841063
0.9448617312056166
0.5932201289252026
0.05182895955154819
0.9778322597120839
0.9994200581493102
0.908701458638906
0.32694657146176304
0.07316907444068385
0.9999995600713929
0.5490907010506054
0.8761279825453512
0.31188087189840097
0.03246590824432297
0.9999998710061427
0.2257252928100696
0.8878358126611177
0.9926111242021392
0.9999998966123071
0.9997928635063665
0.9999999293812118
0.9999934800551183
0.9999998736538857
0.9999999965894569
0.8286950216234161
0.982329198818854
0.9999995936252005
0.9999991838451243
0.9454574387933468
0.96897687896988
0.9999997879388506
0.9999999999980225
0.7918346116975993
0.9999999998835161
0.15336147565103753
0.09002281245229013
0.7761580138571388
0.9999999974562693
0.9999999999999976
1.0
0.9999999981146225
0.9999814116300092
0.9999996004805186
0.9976104832034037
0.9993267884909552
0.9969693513717653
0.9999999977587566
0.9999999984447169
0.9997252334333941
0.9999996636991323
0.9999557418222362
0.9999993806928258
0.9999999979383899
0.9999999965857913
0.010724758663227987
0.46952813231601537
0.3643583960782881
0.09376417492458275
0.5591915790388253
0.3656129519503527
0.09141619063860165
0.9998479216869364
0.6429901916855029
0.9999998397195664
0.6995727737009872
0.5617342560058098
0.6578726157867011
0.9999607499300832
0.999999950540618
0.9999999799975753
0.9999995980453206
0.9958923438940139
0.6226175143752345
0.9999997367489624
0.9999999994196785
0.9811721812296617
0.9999999112802997
0.999999999859145
0.99999999797798
0.9999999955050499
0.9999999665478196
0.9999999999760668
0.8407190230427488
0.04771173778338594
0.19589219043487588
0.9337175281216732
0.9997122977527555
0.8584592628621521
0.018732662414175878
0.3845442947638542
0.9999999014446926
0.9015953520882769
0.968838692108972
0.2500044995143363
0.21334360834717564
0.9999999727511554
0.05862519858791773
0.6762847861335988
0.05208902436677561
0.9999997089277924
0.9975875395026713
0.9999966657636592
0.9998961138296838
0.9999958079159561
0.9999999640816822
0.920461452101905
0.8575195651677283
0.9999998949268537
0.9999889641429109
0.9999984425586677
0.9999999644214125
0.9486227917178357
0.9999694057132377
0.9996546292700345
0.9999639310698125
0.9999999998032862
0.3790010088107508
0.9999984800584127
0.9998943402738806
0.9999993341082796
0.99999958188314
0.7395436517989606
0.4581835184817092
0.1436124773596422
0.36394210603542804
0.9999238875571935
0.9999995916948269
0.9999999541313203
0.9203751413409932
0.9389798199175797
0.9999999999993214
0.9999999882279436
0.7736221711966663
0.9999999966615097
0.9996234437300755
0.9999994434898465
0.9999993257343115
0.9999999959766142
0.00753307222071228
0.512330238098105
0.6162011844461757
0.02370858956974903
0.57878681322509
0.9860545202407808
0.18201557447890898
0.6476611005899608
0.0496416313798037
0.9157642957885657
0.2937604393909534
0.7475766832618643
0.9913804231006298
0.9844288596299376
0.9999873692412752
0.999999967876314
0.9880647310207981
0.10980430444947509
0.9999999392376733
0.9996357323012929
0.9999657409085175
0.9999999999853529
0.9071647613061676
0.9999952841031595
0.9999995045738104
0.9999998795665216
0.9999999935411606
0.9773735981088254
0.9999998603093866
0.999999999964213
0.9999999999999335
0.9998757830394238
0.9999999972445541
0.9999999999995338
0.9999999998462412
0.9999998999882393
0.9999999790513393
0.9999999992703694
0.9391455956654688
0.5647057551846698
0.47496634551070066
0.9953718998845602
0.3656956630979728
0.23227356015253045
0.047162130009149476
0.9999999999044039
0.9604877116266048
0.9793075713648505
0.03712878528441047
0.253016701184866
0.9999999999887788
0.9499843428091072
0.9841356963611622
0.4975395829967637
0.07588980711830123
0.999520232446996
0.9999908095095904
0.9999988460215614
0.9999759323509381
0.999994131710389
0.9999999997816518
0.9416533699235696
0.9724644060848492
0.9999996224278606
0.9999998938479746
0.7446238553509453
0.8842912738027251
0.9601606793544825
0.9999953375462655
0.9999105372769197
0.9978589725259556
0.9999987512018933
0.9999999778049691
0.3014736415958875
0.046578159976677386
0.5356365931149132
0.6968786150249833
0.6831849523489106
0.9969860960939009
0.993312019049951
0.9463461355452714
0.31051237794403097
0.6678446209713458
0.09916708734228201
0.07425839751746803
0.18595164272820572
0.2543807036103953
0.1512759937068572
0.9999971983739697
0.9999999999116044
0.05878322229218014
0.9993730204042205
0.9999823871914771
0.9887280037504903
0.9999989275624271
0.9999975819387962
0.9999999999962367
0.9999999999765878
0.9999999999955926
0.9678920633931792
0.9908666343188921
0.999999989513766
0.9999999998582121
0.8476091436960823
0.9907142437609648
0.9999852799812502
0.8336744008696642
1.0
0.9999999973705019
0.9999999999715908
0.9999999999999937
1.0
0.9999999999994427
1.0
0.9999994211323894
0.9999999992508142
0.9999999999443379
0.9999999999999998
0.9999999999351339
0.9995894983537607
0.9999999999981076
0.9999999980272339
0.9999983128665404
0.9999997568371456
0.999999996140847
0.8249638447660236
0.9999657138198831
0.9999999462429335
0.9999999999977492
0.9999999997437103
0.9999999999960709
0.9487409359822775
0.9999999350340035
0.9999999828898997
0.9999669406412705
0.9876340011028573
0.9999999949207807
0.9999999635001573
0.9999999885986023
0.9999970289428967
0.9999999999971433
0.9999996859830752
0.9999999999999954
0.9999999999929582
0.9999999991495414
0.9999998717216908
0.9999999999999996
0.9999999998076726
0.9999999997208252
0.9976769545089923
0.9999999999981801
0.9999999999913926
0.9999999812380436
0.9999953004515917
0.9999818192397202
0.9999961972373052
0.9999762802203519
0.9999999917713377
0.9999999999050878
0.05465281824806324
0.4731898782833462
0.0062547470553648635
0.2943782999212844
0.026956132183303717
0.7734589493023183
0.007355960846957416
0.9836390920697068
0.8393008696456138
0.9999997364634032
0.4172641046200812
0.8279284689527934
0.9773177186499913
0.0633842091132983
0.9913966717959515
0.9999995330610577
0.9999999323702874
0.9869460483834759
0.9668371396041493
0.9999985489999951
0.9999999861052001
0.9732768890199948
0.9999999968096471
0.9999999936035362
0.999999967885896
0.9999999925718625
0.9999998620738693
0.9999999998949216
0.5484906171498587
0.692905994769838
0.35715584090257657
0.9908083180562862
0.3755576440793467
0.6304408150573253
0.018453892523204028
0.9999999586802694
0.9040035188607587
0.962958132354047
0.6621754809676378
0.33956654801070624
0.9999997603158701
0.8173554420896517
0.9260000397136614
0.041953712193485045
0.4825684352523818
0.9999999988294538
0.9999919614661833
0.9999998535765886
0.9999985773932336
0.9999986149028146
0.9999999988344132
0.9905715544065197
0.6001810059339078
0.9999999242513693
0.9999988052472187
0.9999995245536776
0.9999999637854247
0.9618030224997761
0.9999875844001019
0.9998241404452102
0.9999939365652022
0.999999999937564
0.20951873058936252
0.9999990860257145
0.9902702104595047
0.9999938649206849
0.999986565863383
0.2654689130145617
0.5035819739220699
0.55987888488733
0.973529902069734
0.9891932243309816
0.20371325895564124
0.06555864691875987
0.9765403235386985
0.999999845592677
0.9999176436145796
0.1802307601973981
0.38394111563473876
0.9744531935891116
0.9999924578760429
0.9999803286474023
0.9904725889056091
0.9999999314068788
0.9999999996678983
0.9999984397914082
0.9999472369997678
0.9999999288250618
0.999999949963771
0.9999999996416895
0.9593788821535775
0.9994943867775092
0.9999900381301609
0.99984914632374
0.9996523578990377
0.0005263092348579172
0.22360763219842825
0.9999852075114303
0.8865150263667946
0.42983759896676327
0.7201837572852103
0.03589939278524192
0.20783160375302168
0.13350784242574937
0.12918733843504573
0.09006632225441749
0.06522332952709024
0.11281748327606542
0.7374640058117136
0.8280089342314937
0.7811910201947903
0.7720455391604923
0.9626206976509571
0.23484787286077935
0.5948725913693692
0.21311901961123922
0.08141511668933961
0.6889955081812497
0.9927115885874253
0.8539048142510497
0.7924938346780135
0.667518449734257
0.7969690218229604
0.05996761518034459
0.5848766907815113
0.9935474783435332
0.9730804594677004
0.9966365044601965
0.999999803381253
0.999998699971445
0.4189218176506477
0.3084406231886932
0.5876070130399432
0.9971921315566988
0.9815524558191433
0.9999998579515983
0.9967947617725568
0.9559362167338781
0.999999623112143
0.9999303648545218
0.9929560300048335
0.9998780504908075
0.9999987933688641
0.020078913707490872
0.740608538296497
0.07017840786602453
0.5492436072678906
0.8835805460845031
0.9999806007495805
0.9999963358507526
0.1316431289349341
0.10544365307887943
0.9999782171316174
0.9999987448851234
0.9974942291576445
0.9961112569355768
0.999099138531507
0.944469408450004
0.9999359837669775
0.9999992370639614
0.9999752590009425
0.5620563012056885
0.9064439134937222
0.3473145304150013
0.9721709575703327
0.999999999916893
0.9999999999998164
0.9992567156196903
0.999999999412437
0.9999999999902617
0.9999999999665066
0.9999999987448441
0.9999999999999287
0.9999999999488195
0.9999999011044164
0.9999999710506379
0.9999999999999747
0.9999999943423021
0.9950482835917095
0.9999999999362221
0.9999999912434205
0.999999601997265
0.9999999702395775
0.9999999894385564
0.7390573437171016
0.9999279973610946
0.9999996402121327
0.9999999999933242
0.9999999145014515
0.9999999994914299
0.026372830615233395
0.9999791602475842
0.9999405043877758
0.9966042045470119
0.9999952174703267
0.99999999989619
0.9999999861378892
0.9999967423825137
0.9999999991763877
1.0
1.0
0.39013019332067556
0.999982757329679
0.9999796805482267
0.999999880476505
0.9998759321522833
0.999999983299485
0.14322500449183928
0.9984243598155467
0.9999951162238347
0.9999999999756346
0.9999999999999981
0.9999948873573231
0.6527283339259418
0.9999999999868209
0.9999999999901229
0.9944332448828314
0.9999999967049071
0.9999999998871087
0.9999999997513874
0.9999999968639542
0.9999999999999944
