100
100
100
100
100
100
100
100
100
100
100
100
100
100
100
100
100
100
100
100
100
100
100
100
100
100
100
100
100
100
100
100
100
100
100
100
100
100
100
100
100
100
100
100
100
100
100
100
100
100
0.8816658504321101
0.9521791697462975
0.9925612119415899
0.9996955381266278
0.19073200233983761
0.9788757339030345
0.8987566549959319
0.9181997205775737
0.12867577250134776
0.1101392160669094
0.07783591843242506
0.7100061299172127
0.3883012631499969
0.9972386416828021
0.9559398884119992
0.9831076964981867
0.04169709457862773
0.10471921503734463
0.076112749325803
0.9449315976821233
0.9623062210728727
0.998367967286078
0.999354734488075
0.9699401845087964
0.06933801780491038
0.09435417046544704
0.1139018420679345
0.8752267204790202
0.02716152976323105
0.08205374157054417
0.10456342138649312
0.038902195871693725
0.7154323782193809
0.1497996008253784
0.661044913600716
0.8025393305928801
0.9899295020206418
0.9915478969976425
0.5779221996000596
0.109322661807046
0.08616944876516008
0.08499734289195102
0.32969059125712097
0.878345566492927
0.9927161856087527
0.9999290377367559
0.959513499467135
0.6389425303249353
0.9840198766764837
0.9840608350421054
0.5026092304797161
0.8966135321700757
0.9214793445248076
0.16507235079139213
0.25506625763629726
0.8255638027358869
0.7582936012226247
0.18458285934400054
0.7010332805687488
0.9999872378853846
0.9996334405025961
0.9808797372802328
0.9998396928687563
0.9997424648012716
0.9830121366587968
0.9988413728557419
0.9999608270471646
0.999553540882528
0.9912864032371049
0.9801826820836501
0.999824151943753
0.9933571328483817
0.7574131161094683
0.998177375005527
0.0042891659113823925
0.9490572900981661
0.1159586849228489
0.07105660922764974
0.08087279323519589
0.016084944178578902
0.7534576909246541
0.03225126176299078
0.058774826517673615
0.09538724173782268
0.39971523173301954
0.4082144476142179
0.9784846857245395
0.9936415883714933
0.9235283180510641
0.023714204551207842
0.073770543811079
0.08326981593348437
0.10110990890613597
0.41908699112392367
0.8325641271960392
0.06780962318488826
0.06268108187465311
0.11615484148166223
0.008611402918779171
0.08574473663213517
0.007321873386087873
0.10364542278153667
0.1100307139116197
0.027193838482108726
0.047687848954389114
0.21709822247799054
0.0990672336224274
0.10137173841182089
0.0433627958724837
0.06872546096450478
0.10196206260266764
0.00854182279057292
0.07687919880834289
0.040610697394377095
0.5482153663892388
0.8621541818354538
0.1773907723905818
0.9545760342835
0.1905715280808651
0.016723631814483855
0.4416192946063494
0.5710386030463825
0.9912945350364617
0.04514354591835029
0.0875372865980257
0.0640723245037101
0.7073853809934948
0.06250824665153733
0.07658407057580673
0.13940998451274839
0.19292097742308847
0.870013675729366
0.5561426972591385
0.9879413054488971
0.6282752171145682
0.037028927659976646
0.1892515235984365
0.07062416132535315
0.9871135526041304
0.4815050467184062
0.9202597371816381
0.22591754739315745
0.9992877072311008
0.9937421621182964
0.8491574886109027
0.9872850784468467
0.9990984446369487
0.9823281779348542
0.9977836151146913
0.9999346111886445
0.9983642498046885
0.9842445736773426
0.9370284885666481
0.9994490991344354
0.9827496102083817
0.6249874132586571
0.9946624516509915
0.9681002758685373
0.9836778296620262
0.9872741756404952
0.8348301286140931
0.10755366831720882
0.02593656921656675
0.7447455975641929
0.971003247720817
0.1580441466020954
0.20399718232052594
0.05721621728991426
0.08424066827267326
0.10312677954926575
0.7496361588104687
0.9494592416917947
0.9763418414992976
0.9997444819343663
0.9890727849189603
0.06870498387815097
0.9997840544735712
0.9997866142624082
0.4467586988310538
0.006649125651473234
0.8723670353930053
0.1054174366756183
0.25051598140525216
0.24360310601956775
0.2218847868323947
0.45754608085957604
0.4717870999037253
0.7423613746316318
0.15618585966247356
0.6802512092778268
0.06804227016197004
0.08670573682869506
0.055515072969910186
0.45578104511237355
0.8903139861756781
0.916868244901261
0.9970065014559356
0.9686954808003664
0.32887881128530233
0.9993721498341039
0.9996343178994581
0.7593846283188147
0.9926486884039074
0.9993675452539196
0.9959572091186457
0.9882236246784702
0.9997351745583798
0.9898059639085519
0.9848481079759592
0.973792682459263
0.9996982888512069
0.9817004720523062
0.6879103857280104
0.9966306432553673
0.9700745595926387
0.9788631107873916
0.964633143451419
0.9406348661642577
0.019223913059090932
0.032055126331045354
0.03557295981984891
0.07688255279897056
0.053542271160981265
0.07558340215548219
0.06650014434527422
0.4180919794841136
0.11815616357870845
0.09626255106584952
0.07618853094260887
0.5651772591650089
0.8239669607488663
0.9995313388061275
0.9995212441673234
0.9305629990419035
0.9601580830068619
0.9786591349280563
0.9206841588397872
0.052529133466036694
0.00810431738539911
0.03285819040924129
0.42719876288365716
0.9446402574187217
0.15803308289720935
0.7545996523535128
0.013547910131352174
0.0165405739042231
0.010810613521042376
0.2404406736358526
0.224760997858932
0.4996017071890614
0.05752568432051827
0.5606818428873409
0.120617542180029
0.9717835061660982
0.10884356971309822
0.03285558120682783
0.3248104683447626
0.19094765424774973
0.2715388431917479
0.9294562794359007
0.9789467090299439
0.991377558285215
0.05973035002452618
0.008845915939916172
0.10298429630900557
0.2546993752471342
0.0829304687985839
0.011974315633211599
0.0684445572801618
0.1035675633034727
0.13462149876161614
0.13479845295701282
0.673510251501054
0.9524368445878002
0.9722421968740323
0.0934867565545703
0.04890829944085535
0.03795248700327319
0.21542138304785913
0.1586018076535892
0.06843362654850878
0.04376271959591144
0.6278268839011869
0.997168439784044
0.9994459172988702
0.881041387137389
0.9993771968275834
0.9998158968223769
0.9999193259687202
0.9956909896658347
0.9997537882152208
0.9935772574643177
0.9811012553301346
0.914679269312888
0.9983707490007783
0.9379568166730559
0.6573241228199777
0.9915849582955368
0.9603030221263963
0.9777361216206684
0.9633682989922211
0.951207342415649
0.033041293367562216
0.7395967817587159
0.1236673200823898
0.07559865697279375
0.05688032663954571
0.562888671137594
0.9573300046286985
0.9907115401009026
0.9870097982662266
0.8793055715684193
0.0016941991734809073
0.5627677115551899
0.4917655834248642
0.14463747963663784
0.0766545018833116
0.02374105929596995
0.3455209800899368
0.0050015266990293804
0.7537180122320937
0.8234274115828757
0.997433004318642
0.998154106533483
0.25368610931990054
0.9127456008416968
0.8570812602192184
0.822818443677484
0.012556051834516085
0.013417722883467055
0.9818194427393057
0.04183191126136224
0.9949431667335792
0.047676356719593964
0.10153429971534783
0.317409756495219
0.05973767804561766
0.1117244542472474
0.37045479185971175
0.07390650561018372
0.12666335930789707
0.05486078574911291
0.7376388914323958
0.39059101405666546
0.0025892907445219473
0.012847019019162137
0.04975807663861022
0.003116484342769095
0.03070110454786634
0.0822027419410527
0.09407788474060463
0.092409085393822
0.21730217051266404
0.007966387122031118
0.046769261371294335
0.11229935014513898
0.09016137995429652
0.018957820610344994
0.5859989435148651
0.729150217042781
0.9655465817610147
0.9509810978031596
0.34981885018150566
0.16430745387192602
0.9983366169800371
0.9843712051572564
0.055338919235488955
0.9922143277641188
0.99351036162638
0.033521834091436394
0.9513120745493384
0.43197558881179554
0.9474722629857806
0.9113043509481562
0.8650785271144705
0.8956635562717248
0.9244340282842946
0.8949648064518579
0.1494420241013322
0.007355223986675158
0.13202905232443404
0.03274868465834126
0.02858614417219969
0.9820069072445128
0.8917480678930814
0.9689135180174363
0.9999036047944382
0.007015054071070827
0.3627782716099225
0.6955427870168118
0.994228040504956
0.6661587133308288
0.7860870178545852
0.7200542837813462
0.9852898699753218
0.6615780037927123
0.9997969032996664
0.9830008280109751
0.891447531787598
0.9795710645229593
0.9724266905183686
0.9886004889800957
0.9961693227217895
0.1929468689880075
0.9600336943889002
0.14077659331797693
0.10158773997877464
0.00791139057757351
0.9122101173749537
0.9158883035706195
0.1381775808428085
0.5071653749691594
0.26708877599321557
0.9504385602589691
0.4736812193991872
0.969607722235703
0.8083363311040845
0.025969388081661327
0.0699717185389185
0.28495002224927035
0.23637026419717008
0.15120824482886283
0.9281620454947993
0.07848996464505026
0.24604544637858558
0.09136271666818765
0.9374549676608065
0.9928712601194132
0.9276416433445838
0.9971096072751452
0.1914024362389526
0.07858161027765036
0.6931561526026188
0.04812715426449136
0.12814051261481613
0.4939969228788861
0.33131766559894954
0.969162390786862
0.9801425507930903
0.8461420320403947
0.9415010307110593
0.9839770048112133
0.7150907165487748
0.9945418997590488
0.5341947586021135
0.9752196238683534
0.3189775994377161
0.9687200560601071
0.6216044563847056
0.11542054409204033
0.046782171280685146
0.09680455532705454
0.056996581003257316
0.07012339734891204
0.08476042440517854
0.017816534772991055
0.0637045770399894
0.08205323040141256
0.08099959510061415
0.0771149224497836
0.06383006862641095
0.05041114418393328
0.032787657078197016
0.06520292374453579
0.08392636581833013
0.04435061126124577
0.08189833812404665
0.09762062777230253
0.08826035732875624
0.10140541276974196
0.03212987315512866
0.09103404408394729
0.07668316143345616
0.7800315961701371
0.1292405793600128
0.14190469975304493
0.22097401523630672
0.03255244132559969
0.1083136261055914
0.1261220006180568
0.0646344491967888
0.09214191275447743
0.08518440248641786
0.8360623205673052
0.12192100089658153
0.06931775908737803
0.938912985066348
0.031003410824044078
0.057167823463428545
0.05539618208745844
0.09020728378352816
0.09133353227307314
0.10011527785329319
0.08777249368901167
0.1517861241422227
0.04709572921658047
0.021899013891194027
0.23536592490327976
0.05883241125530192
0.8029008618047303
0.3146220597599159
0.9809376121997593
0.9974831111123299
0.9988152363630931
0.9827461809937679
0.9994572383477922
0.9806338783633815
0.8982098984936118
0.8111253926384692
0.9997772360805117
0.9485966162053019
0.0386716984357363
0.06503105663739067
0.08579983056422288
0.07333474523502043
0.5427154207531822
0.045656046496882235
0.12368392685834323
0.0869150094204712
0.09111090854763883
0.3960975731748781
0.8083238052197249
0.9485481280758447
0.9770941639246906
0.011099243731506895
0.10031650668311701
0.3091900512964381
0.1579596956518921
0.014717736013321778
0.16976550048542094
0.015344526492843878
0.01700912483910966
0.11986076836744489
0.6794751953357838
0.8835484995259675
0.713490279669027
0.04197513879561838
0.0005455302675222921
0.2648174853513151
0.025558626071066144
0.005478477904141827
0.061462637695404575
0.1147072132543451
0.12264952673673123
0.03551863648535765
0.06694065685973782
0.13030082725481765
0.028890909076231996
0.8933983698315039
0.8768302173628938
0.9632281817663275
0.8983206151970501
0.9809541127774827
0.9857773844657721
0.2593957924078613
0.9835552303860446
0.5841192148527841
0.9915132216963609
0.8036301758067177
0.057289533110036955
0.023214270705349288
0.0274336652780822
0.02881252407215805
0.020084324545813395
0.05926564431297683
0.0067354910127116144
0.07909899509361246
0.05267099259277374
0.07926053743860387
0.03396550485228383
0.2931181795844814
0.8472923076146934
0.9623873171530598
0.0002660773416923017
0.17722649946292474
0.10523115615327161
0.22217909199551325
0.8728511634804405
0.9505598485523298
0.548399489976895
0.9309299870392357
0.6147431971791755
0.9444709330438922
0.3200503285951011
0.9448871377682446
0.2634106694817705
0.9535231957334235
0.4460055905005578
0.05151800629493572
0.34413894190689726
0.03754472015440196
0.694425193088796
0.2095574590583478
0.003984283325795449
0.08716093363939631
0.09014692990415211
0.07826449426388675
0.18289658677713544
0.7451460108511859
0.9688759170164326
0.8865882985513461
0.9621585611833882
0.6439294206925698
0.8882852816096665
0.5770027357038754
0.9875106687000906
0.9671593530456809
0.5376860975285517
0.9960154414074439
0.7386195535543343
0.01847619585362508
0.5587499345771113
0.16684911373402544
0.09053331205070916
0.06309763589673612
0.05311094970868763
0.04205164695689111
0.032546417929686745
0.00863406000339475
0.0368747802460346
0.5650261799149675
0.5029735396656845
0.07746143174341957
0.21507235983765083
0.1945979311154633
0.03793018234167522
0.005751323657178624
0.039677719807366806
0.1091307898096698
0.094316783584333
0.09641769798294855
0.06802127293196097
0.09933540547622662
0.07585535794335978
0.1023221952468053
0.07950178978689536
0.11173584722716515
0.1037953510598005
0.01121828089393886
0.05730544485681018
0.05027508456120684
0.05398122855495349
0.13398149947045107
0.10243504259153191
0.07214718767815098
0.05421542300951698
0.0251856542123694
0.7361135520413958
0.09261995884341064
0.06435428006853439
0.11490861257765929
0.887230504107695
0.07693169040259273
0.9663439962687536
0.19863179824712415
0.9893930439789591
0.01871258330285549
0.04408310850779303
0.11066737314018933
0.08996137239893073
0.7402499416559967
0.2713792946050408
0.969092443886443
0.03171885878862978
0.12702644433673854
0.10885391712488915
0.8889603314385889
0.07585060318574126
0.07169507757336992
0.0794950453949312
0.8754956906873275
0.09025136072042682
0.11597347050728392
0.07383794748085198
0.9645926290463129
0.09656264868535842
0.11092676104248941
0.11375653987835647
0.8797464817899192
0.09873401466982115
0.11035480158550731
0.1367476627513144
0.6926502437790347
0.09551437034315188
0.9157495520262049
0.10949142634761846
0.0758626025873444
0.11224515062105125
0.8851972598681855
0.039375460632731625
0.08030900085741306
0.12626893530760144
0.9710165926743406
0.09790050220355287
0.004105606339780605
0.14751255524022336
0.4480587797698881
0.06295443061956675
0.0981225733564008
0.11068232646260946
0.41018178263933874
0.1092066835007366
0.8624019016568367
0.08285066423140042
0.14993499573802105
0.10559395394603659
0.676210290584969
0.0625145098504703
0.6330258851259158
0.09467388348440137
0.8391997045040805
0.17598958675692816
0.1504466050749493
0.8582891923283132
0.9681539816377636
0.06867778905379932
0.08055780005094525
0.42369146981455164
0.7325281933940326
0.0846152294080156
0.9939216171389855
0.014134856057033513
0.12137881748876282
0.14165191984811745
0.8654673693120349
0.519386358972774
0.9968211356059374
0.23235447756175645
0.9985505414359277
0.08070175720124272
0.1336668974538152
0.2028834840433438
0.17197284472264834
0.08454092620103744
0.072843429045213
0.07395415350189613
0.19953748438483693
0.08237504477137313
0.05671655173934217
0.08524058843379867
0.9130452264530401
0.09988513001256781
0.9658998335912932
0.03265012264065616
0.803052891270449
0.1823111529694461
0.9680735584857314
0.003377847948842003
0.19322498833476798
0.10168000465258903
0.05165130399917543
0.3662007121078895
0.11739013325319383
0.9535799332932865
0.10440610885330887
0.09185813489388255
0.08465138827507898
0.3487142334744453
0.032806680443453605
0.4269496363706271
0.1334342346420103
0.10605918785429878
0.08777210510898788
0.30783319967340833
0.041706735450756316
0.054609741394599745
0.051486962495425816
0.4359284381470062
0.0545152170893448
0.12421616863766839
0.1781939329656676
0.9262656530986824
0.12591667798125683
0.9902319793322035
0.05793401031110565
0.12052483356207015
0.09753347395369402
0.5778726822002235
0.20024073305369908
0.9276906952882304
0.11671429372476971
0.0834410514119151
0.1195643347429824
0.1510152760643246
0.05985271334908831
0.13560970748478965
0.08679316772264657
0.47510490284519225
0.12158090079874705
0.11772181906880398
0.10700963661523571
0.49969633650239637
0.03409344654533193
0.4564871474303291
0.11252758064000384
0.1179651647842357
0.07405718266244271
0.8412908051797288
0.13605506040634602
0.8427749523621891
0.11830799001723345
0.08250923188299027
0.11507764846608344
0.9572728252757743
0.13546658588026173
0.7556449018621125
0.10547398768634467
0.09985696861249313
0.06320217531901455
0.943664475542184
0.13080573479117164
0.9498030381689392
0.043311406201728235
0.08751212512245303
0.11350861258133513
0.24257684694994489
0.05345357918697993
0.08201036030632775
0.08515545731733319
0.6916285342571106
0.09018533683799357
0.8181474639238956
0.10991682275221708
0.06924938584305082
0.07914539017133315
0.9280100232850433
0.17974087522155102
0.915097396564656
0.10645233876413315
0.05510693490749888
0.04184074198454156
0.9446544041033318
0.10340878562177541
0.1453141175501928
0.9623708732995218
0.8344840750837227
0.07673425382136646
0.1085299981204482
0.18927768645094845
0.9154103773977903
0.12539714083176032
0.9698282094283781
0.125441947979615
0.0687510829189294
0.13533072324589632
0.17601021853075846
0.0832195359372785
0.0852008022650445
0.07165842685988331
0.9822257614896736
0.13327486568309632
0.9838906189943613
0.08633150627917714
0.1801585381276637
0.05403262549891523
0.7439659671339488
0.1176585488447887
0.9554764759040179
0.08745361498004293
0.9858822307791416
0.11432849406599194
0.1038389180289027
0.1604853327278161
0.880955419587781
0.09890866508263056
0.07326104257705347
0.9531678271651725
0.8109144013812212
0.03140633931477085
0.9891217635700336
0.13915788944369473
0.1523677620083243
0.701523391087968
0.8243853015816012
0.03287494192950075
0.9995843968882805
0.11364564614443487
0.037445671664906637
0.09578630212352622
0.007037909653076666
0.09965610196688993
0.9972361913682529
0.3336525130587199
0.2470380902193843
0.8330159534744843
0.9894760955489961
0.08340060947224401
0.11499245921735259
0.18824576661026476
0.904627951540039
0.3296820165361928
0.9896044218975718
0.09126064750939904
0.16871310306212361
0.09435723563392921
0.9278387827890512
0.39733930712273996
0.9804923046055688
0.2311105348675096
0.08847131587698051
0.12084380042991731
0.9155243491644277
0.0791980856201031
0.9338056211795828
0.20258536772131377
0.08587779620991731
0.1721587516478194
0.5862913162540286
0.11411021511373805
0.9595533364308779
0.2599219862097058
0.10473587526725922
0.10418310377635775
0.9475944970513481
0.13249761561339105
0.9641435621212098
0.08695980472852144
0.19312116194175452
0.0891071144648704
0.9019075037026967
0.11379508902058437
0.9875090766012596
0.2366507621259853
0.12737449541300727
0.36186081245910373
0.7747473177691614
0.3006205961005685
0.9775725514502158
0.13417455432361797
0.07844662104933428
0.09275036076256436
0.9007759936101203
0.19525496890891583
0.9385439971292482
0.16036196852950815
0.2595348427745988
0.04962301073224908
0.9784822609142854
0.0492032292756023
0.8727260555544581
0.05082753765702857
0.35115608209925603
0.06450052984581442
0.09092663813787422
0.6406067283996424
0.13224911862903876
0.7374116456720397
0.1168470141090855
0.10816631575695222
0.1993287165121638
0.9438152547393303
0.15482662489429955
0.7893872600016033
0.12103622746881583
0.09531374586971286
0.05309231224902608
0.7182969653616084
0.2484454005305929
0.7662666877213045
0.13352883223802736
0.09507263187861534
0.10650180647133606
0.45324266850260186
0.08166579714676091
0.02187294171798272
0.5841107036609197
0.1347705225143526
0.11294455298925843
0.11883443043817171
0.9162809141455796
0.055156585697409485
0.777466450211069
0.1215426134447795
0.07933708905237101
0.10773756419550262
0.9454316014850774
0.18941830163807744
0.9653396409753602
0.05407314571985194
0.143400845279715
0.09850393863618638
0.3063833263192366
0.09603952429539608
0.7997886324243325
0.10250103226800576
0.08339825190207478
0.10607942879511881
0.8871437544069868
0.14455284505610305
0.48723982992516185
0.10023555859615543
0.13178106921126884
0.13189289100254004
0.9674497500671108
0.09985419673280646
0.9118912582594344
0.09408618051509263
0.12030852608974994
0.06351960986762577
0.10016883253805037
0.1298608316380596
0.1414320657391748
0.07945495731457587
0.14262647262715783
0.9581400752425082
0.10081449240145282
0.9612088146812557
