100
100
100
100
100
100
100
100
100
100
100
100
100
100
100
100
100
100
100
100
100
100
100
100
100
100
100
100
100
100
100
100
100
100
100
100
100
100
100
100
100
100
100
100
100
100
100
100
100
100
0.9966351879292215
0.9946112033458501
0.9788854676450361
0.9424892963999467
0.9873998546965961
0.9989958094805336
0.0008397939280958206
0.2682350363844164
0.5806587497575121
0.061927444674579744
0.11818894528142371
0.08205192710987659
0.20956951643249824
0.32645229555022165
0.9992362129696487
0.9998917108818014
0.8639420135291833
0.9992181099179167
0.9995363816477086
0.9988069412646389
0.9944960904200061
0.9999726284129997
0.9986487754949906
0.9941965303684164
0.9941612588937953
0.9999660435559472
0.9922295925631062
0.8015207146266937
0.9992849959285738
0.9882586757988193
0.9921539506220742
0.9899854719642852
0.001123148867925861
0.1929650360073606
0.11127535815685337
0.0778283630367526
0.032582694280417206
0.7381927501957046
0.10206595525701409
0.09484722722417813
0.04456872262969402
0.012332435355054001
0.9966100951998564
0.11402972468456098
0.015696749597185873
0.1681254438358687
0.07709060022159281
0.06776678290162545
0.5623566303162192
0.020401715073892202
0.0861887914625569
0.10443120403425843
0.8491531898678143
0.1195095763189339
0.10772921360098427
0.06038713399621756
0.28353199785735045
0.11042483563092018
0.09623124883221125
0.09555863643249017
0.878347732095998
0.07268434965362558
0.1148250727175449
0.0923997514158606
0.9655484990693315
0.029217558105146015
0.10752943275191777
0.10164787053214898
0.9611437928283808
0.08246118213080757
0.09730515698442184
0.08114408421215728
0.91362226798525
0.060920606603730526
0.09896738589408369
0.2602486547690086
0.11346964912514805
0.8876200167697288
0.5687289843728298
0.9902817553091269
0.9210369293501597
0.098762125968612
0.7962215294566076
0.9625721898177125
0.9925738012365544
0.9137029945082265
0.9831836123334994
0.9623521932726027
0.969977089947263
0.9749002316704741
0.9996268516233235
0.9952759552962602
0.9999309351188437
0.9989542853917539
0.9963757172121548
0.9974523754968708
0.2842961150614141
0.33344504576065204
0.05664795036411874
0.1133151809259791
0.9227921955201368
0.998718746557902
0.999118966675977
0.8199611470908684
0.6219903708098595
0.9821443423070199
0.9998384875464219
0.03397105252084438
0.005540726010141069
0.06628009077184983
0.048978422026059266
0.12543899088986396
0.06850936455964059
0.0694743482591283
0.13775152243408978
0.1140014961923345
0.11957947813522744
0.08471864533255563
0.09884052240418428
0.4592472609343883
0.9941449704576173
0.9962531744503581
0.03509152624466177
0.482937312974036
0.6559881535013823
0.2864417136369695
0.4470137555482468
0.5065321179995821
0.20104608810045663
0.01532159979157536
0.005151381424657621
0.00647724310860315
0.15554151834407048
0.04336796524233139
0.23543263713478985
0.03736071801184212
0.06225024474285277
0.2582065565588451
0.1620029138769444
0.05580333102565262
0.058408554198066356
0.10413710974671432
0.06070935550422075
0.07357717927409313
0.1030679789895075
0.06766381859052094
0.0423887221069709
0.05612749950393055
0.12258692217355369
0.2984097090932109
0.1525435450177384
0.07618268420424303
0.1784237851686625
0.17514597024229295
0.09127903682319176
0.047007161514674885
0.20211495488354794
0.006019672986523449
0.34710913763698126
0.0837626538848982
0.12299353645377847
0.09672629196372369
0.10295428406235245
0.5332214420152322
0.9988438287101776
0.9998350766688091
0.9728977712599338
0.9998826644327232
0.999774148210706
0.9995882117177529
0.998775013699963
0.9999981006269222
0.9992802241550224
0.9961752800860951
0.9925117843817916
0.9998415896121428
0.995912233008987
0.8086863762437868
0.9987495235847033
0.9927141855160961
0.9885649476128737
0.9838166018543829
0.9788865061786652
0.08025753781191483
0.002108981183746068
0.6969556989349827
0.6226471213814564
0.12489236883178428
0.3115579153892558
0.03932430662600979
0.31915503919590116
0.08081156754855323
0.0942911354947776
0.6344548871532776
0.9585260265985244
0.9984557301773451
0.9666268930524354
0.35069007618442266
0.5848907311673178
0.9838783630898784
0.007902133587674543
0.31889710679274436
0.9083729564866283
0.9993467923378698
0.9995429852751134
0.642340205568324
0.9277444595260628
0.47743873319016594
0.004718550518496372
0.6371941746219727
0.3360827663251135
0.009430803013809731
0.03276897158700509
0.06951289224836346
0.02823131626830362
0.6403458618928186
0.3550193660593525
0.9926827766081219
0.9898725670152674
0.16795453545304206
0.9835756582623072
0.040425478247097454
0.11091841234633087
0.806803112536366
0.9998516245395436
0.9995672287751268
0.9998282596692869
0.9999984560626639
0.9999947571059221
0.9995325771400828
0.9996842300797776
0.9999969667690919
0.9993510144804444
0.9913777669889361
0.9851581373843964
0.9999478153103647
0.9918714510561569
0.9127227566944031
0.999240436197752
0.9897345571813136
0.9942704260612399
0.9972817974955106
0.9487138882075068
0.2511346914477851
0.0049571595195581864
0.016091749424103373
0.9276443962016054
0.999268938123783
0.9816113648623138
0.911635454954336
0.9985594351162698
0.9999238641815029
0.9962489040381074
0.9991928457505898
0.9999905231058224
0.9998856539442418
0.9948999381342299
0.9774899279385957
0.999824682694139
0.9906061831631967
0.9117304207721324
0.9995778518046401
0.9892628443874368
0.9875935128685902
0.9925520466072654
0.9825868218190618
0.11727035264267928
0.8464315139369011
0.9319452299885798
0.950294338339361
0.9896832959679474
0.9909660805222429
0.9945422624067294
0.9594090602109535
0.955864969652096
0.9906540537832734
0.9967373356557874
0.9914458301849097
0.9895256382842272
0.9994534796185693
0.9981321879766571
0.998924112911403
0.9963398970178089
0.9890537853311655
0.9888566281459308
0.9984382978556615
0.9960524936607748
0.9997984490833035
0.9999161974202317
0.16043829524847875
0.9780579953592309
0.9979344404300838
0.9808059293393407
0.9957829381803049
0.9999246029337109
0.12968044708581514
0.2490907735301575
0.9781302105990112
0.9770642641019801
0.9992931373957293
0.9630181703317383
0.9919319583772954
0.9993373417805936
0.9998382401368539
0.9993481623271483
0.9960799461348501
0.9999929796773854
0.25395551785991693
0.11794214535181069
0.08324741307072998
0.037778219540638966
0.9344367411871167
0.9808176620449701
0.9978211003260057
0.9999438124009592
0.015128411581555513
0.9602874674003367
0.9980907037414299
0.9991705335590131
0.9997396256263775
0.9999998203329036
0.9999302625858142
0.4011074673208867
0.5528651404915257
0.9022225129328418
0.9387700076307014
0.9909631568949477
0.0577192757425756
0.6610891464140878
0.955039289198048
0.8707077153527039
0.9953341165566861
0.00741328999327978
0.07322609565182679
0.006888004074020719
0.8293452643992955
0.9332175901824095
0.9855321714605126
0.05009093759768031
0.885792882758584
0.9771830154188665
0.9811587717783264
0.9935350014425808
0.9938541407470324
0.9998385281970957
0.9998482404229864
0.9997907833478217
0.49340514518151074
0.854472184246612
0.9927649769764347
0.9995103185409207
0.02879647238853482
0.2835088787920147
0.748076436364012
0.9603899945742683
0.9602158859413773
0.08768940271028419
0.598387990324493
0.980349591386361
0.9992576380692818
0.9976336052999347
0.9999999606044214
0.9917394049498665
0.9982933287841429
0.9970473308324846
0.9967843863313657
0.07073174259357719
0.999463458483284
0.9923361511607881
0.9903395059865677
0.1539872707801301
0.8036843906878888
0.9249226763833499
0.03564929260283541
0.05699911592981074
0.134846048289789
0.49263757906585137
0.0013380836484616332
0.5515190778800766
0.27528848656011823
0.1995071145064951
0.07989446088582687
0.18206595835059677
0.004357909675352828
0.08702971779398963
0.1509704757510617
0.055776892729546695
0.04565529923410459
0.13349849249517584
0.01962459574220207
0.043929352645572094
0.10560907929813348
0.009170927617491942
0.08003169393444122
0.05620398258219061
0.03033221775097341
0.007472976870437162
0.4793541127633682
0.765803468785255
0.9947145502099466
0.9957012253622779
0.19120706293234518
0.25820171321708363
0.014477700874260271
0.5092009466810343
0.12365410812101328
0.03844162302153353
0.8582945255064489
0.06600999137717302
0.19593832972737946
0.004502186772109217
0.0892943814078141
0.20295311138488592
0.03921790307205856
0.4220351368489579
0.0638062869259636
0.18426513678585585
0.09497699585877274
0.08020557771274679
0.0441605124995809
0.21417754426335364
0.871795180433671
0.9727588764160705
0.9927486466908463
0.9337137211870521
0.6363389909574744
0.982749077966785
0.004543664972055287
0.8971298948935498
0.8130628412884533
0.6631616681094631
0.9975155129421484
0.9954073997752869
0.14035250001949678
0.11432631602468377
0.8680632060866691
0.934963006324772
0.015666566438001028
0.0018810543400640649
0.1011934890474663
0.039398033588821185
0.4423341386478094
0.6014647619467256
0.03148169790389302
0.06498440027739413
0.33408004058212276
0.9712482624842351
0.9969286668209795
0.998199317997279
0.9670171350282344
0.4606345777943603
0.9998617621716268
0.999947799071749
0.9618123089695875
0.9997791883711297
0.9992804373262055
0.9997300839949732
0.9978075773278087
0.9999940017838052
0.9985016160123334
0.9940529592782084
0.9919146500865087
0.9999742014877525
0.9952741307473385
0.7899868275043738
0.9992176406188085
0.9935036415312043
0.9886919668504623
0.9799620074804873
0.9816113307010477
0.05454771788206519
0.8955542261337667
0.9844061224305521
0.9428868395089498
0.9106182215954179
0.9159888124965916
0.9987152153617099
0.9974109563307346
0.9987043974416626
0.9974644031465949
0.7113892200764237
0.9999211886523239
0.9906079566181144
0.996115898218179
0.9979863072617086
0.998540466330412
0.9997584912964452
0.9873611307117567
0.9962137823971026
0.9816530665107019
0.9560873585886479
0.9990078348703519
0.09877482826317595
0.08616734344943863
0.09917583592746906
0.9061886193373518
0.9972406088264352
0.9999994288968688
0.9999845463225718
0.9999962574582765
0.999959649164428
0.9664583686929312
0.04877156050103417
0.9532033323980135
0.9273271658593835
0.3996397677140432
0.5428850524535351
0.14232172447462083
0.08927668117532525
0.9653766971634259
0.9382269018767357
0.42179038859988816
0.9953698748529924
0.8576752969472948
0.050227729517832456
0.2673898014250996
0.9151762431472981
0.9980539088183414
0.9930313174801526
0.9873847999609391
0.03984628194390049
0.09309645275718893
0.0035424425397933015
0.04414462890544238
0.5983977503057425
0.10322118593235759
0.07821048508874263
0.8428851671152888
0.9941206187812155
0.7155854631738581
0.9945372058146752
0.2252462631560157
0.010467083546019228
0.0039308686463106314
0.22148242843646837
0.6780081607393929
0.9277408859099472
0.914181203808831
0.15156645564076665
0.10367841151379235
0.08981168943490668
0.04942047875811132
0.5501772063855711
0.9667091539153667
0.7636467178515748
0.9993995945798214
0.2933939431568355
0.9774334362504464
0.2777644088397206
0.9960871641331961
0.7872388618695151
0.11052401759357751
0.45900884348662757
0.6682662094677378
0.9733409612064863
0.8414577481068486
0.9960821846796618
0.94328777400097
0.8977378654623824
0.9654407428323001
0.0014648165626481619
0.10377271823484245
0.06974927625273084
0.025761032958639955
0.502875099384314
0.8758321101261064
0.9240367590462691
0.8252126006877326
0.9980243606401165
0.9868959966961306
0.9978125211711861
0.5884418954756476
0.9932935174704572
0.6106621275404572
0.02116961615975986
0.3625382372876446
0.474015358166984
0.31271254016930494
0.002855078389698475
0.901972829236026
0.05146594559366278
0.10653891319809472
0.0813562559420943
0.8259395822114209
0.8800011294196958
0.9918025626029396
0.9996402072388578
0.5076721874029095
0.5436698556662715
0.9980389040837991
0.710000318969583
0.9997017977384558
0.9998749929452876
0.9406105200650822
0.9998641010387773
0.9996687606212954
0.9995640160089956
0.9984646144283568
0.9999946195504475
