100
100
100
100
100
100
100
100
100
100
100
100
100
100
100
100
100
100
100
100
100
100
100
100
100
100
100
100
100
100
100
100
100
100
100
100
100
100
100
100
100
100
100
100
100
100
100
100
100
100
0.9999777399354551
0.317751524634214
0.12035115137897663
0.9598524928324655
0.9999999983728864
0.9999999999933729
0.9979366813364704
0.740181702383829
0.23612285443191328
0.6642749547702433
0.9644334730618127
0.11556371512005695
0.9999999997407737
0.9806471932558756
0.30414727788229273
0.9733969274090949
0.7100227938469117
0.009052215578283626
0.9902167843158362
0.9159223536981412
0.35421819207195093
0.2294124024363141
0.12085694717523666
0.9999999999024132
0.9999999999998238
0.9999999999999991
0.9999999999980322
0.9999999995794271
0.9999852136097106
1.0
0.9246958218194422
1.0
0.9999999999999709
0.99999715079774
1.0
1.0
0.9988054011764146
1.0
0.9999999998835682
1.0
1.0
1.0
1.0
1.0
1.0
0.999999999999993
1.0
1.0
1.0
0.9999999850023906
0.9999999999999925
1.0
1.0
1.0
0.9999999999998959
1.0
0.9999999994799351
0.9999999999999998
0.9999999999999952
1.0
1.0
1.0
1.0
0.5340832963181338
0.9903693419269152
0.9985652086487998
0.9999328478505675
0.9999999999986277
0.4114769765529267
0.05487546224245207
0.2681709037846198
1.0
0.0028755585856890587
0.12470416434919052
1.0
0.9824318063209748
0.4675086949920491
0.3211054729545433
0.9999999999996037
0.958032464196119
0.955940716152684
1.0
0.9557320547194483
0.025468130043210337
0.25205706551440193
1.0
0.37534378115216965
0.9327489102412292
1.0
1.0
1.0
0.9999999999999999
1.0
1.0
0.999999984447753
1.0
1.0
1.0
1.0
0.9999999999999999
1.0
1.0
1.0
0.9999999999533028
1.0
1.0
1.0
1.0
1.0
1.0
1.0
0.9999999999999996
1.0
1.0
1.0
1.0
1.0
0.9999999999297984
0.999999997831589
1.0
1.0
1.0
1.0
0.9999999999999996
1.0
1.0
1.0
1.0
1.0
1.0
1.0
1.0
0.9999999999999998
1.0
1.0
1.0
1.0
0.9999999968243296
1.0
1.0
0.9999999999999999
1.0
1.0
0.999785343630765
0.9999999999999903
1.0
1.0
1.0
1.0
1.0
1.0
1.0
0.9999999999999997
1.0
1.0
1.0
0.9999999999996111
1.0
1.0
1.0
1.0
0.9999999999979992
1.0
0.9999999999999996
1.0
0.9999999999999998
0.9999999999999992
0.9999999997918536
0.9999999999847494
0.9999944717490912
0.9999939723348931
0.9999999804590343
0.9999999988448045
0.6446576035092091
0.18255634706110566
0.16677372084872438
0.17194040183977286
0.41056243148213595
0.9999999999999999
1.0
1.0
1.0
1.0
1.0
1.0
1.0
1.0
0.9999999999999999
1.0
1.0
0.7318036982737339
0.983336865790422
0.999999511810605
0.9999720857848584
1.0
0.6668367211008095
0.4297854093787262
0.20959369231375524
1.0
0.9981789547316489
0.999999902831057
1.0
0.9633936024314718
0.9883680404861235
0.9855154261071155
1.0
0.9999372015720629
0.9999999999999993
0.6726194077394675
0.11856959153001148
0.1055745408636341
1.0
0.9984806973874117
0.7271801798257915
1.0
1.0
1.0
1.0
1.0
1.0
1.0
1.0
1.0
1.0
0.9999999999999999
0.9999999999999994
1.0
1.0
1.0
0.9999999999872002
1.0
1.0
1.0
1.0
1.0
1.0
1.0
0.9999999999969159
1.0
1.0
1.0
1.0
1.0
0.9999999998982511
0.9999999915673224
1.0
1.0
1.0
1.0
0.9999999999999996
1.0
1.0
1.0
1.0
1.0
1.0
1.0
1.0
0.9999999999999999
1.0
1.0
1.0
1.0
0.9999999967224547
1.0
1.0
0.9999999999999999
1.0
1.0
0.999785343630765
0.9999999999999903
1.0
1.0
1.0
1.0
1.0
1.0
1.0
0.9999999999999997
1.0
1.0
1.0
0.9999999999996111
1.0
1.0
1.0
1.0
0.9999999999979992
1.0
0.9999999999999996
1.0
0.9999999999999998
0.9999999999999992
0.9999999997918536
0.9999999999847494
0.9999944717490912
0.9999939723348931
0.9999999804590343
0.9999999988448045
0.6446576035092091
0.4628426172670926
0.2898868273135301
0.643815294085917
0.1330745748222667
0.9999999999811734
1.0
0.9999999999999999
1.0
1.0
1.0
1.0
1.0
1.0
0.9999999999999997
0.9999999999992121
1.0
0.30031031868018704
0.8889168165097276
0.33260504061622126
0.9999999992975187
0.9263921747166594
0.9606617030202911
1.0
0.8177475665543437
0.25908875260788705
0.05397662958914461
0.9999999152798674
0.9995271601982533
0.9999999492346604
1.0
0.7676737414312022
0.11956764818378296
0.5202578365491379
1.0
0.9996266235026933
0.9999999999999756
0.18613890997526913
0.1805557941634796
0.08479693170141045
1.0
0.9999834158870615
0.9999999999748305
1.0
1.0
1.0
0.9999999999999958
1.0
1.0
0.9999999999999997
0.9999999999999999
1.0
1.0
0.9999999999999966
1.0
1.0
1.0
1.0
0.9999999998793013
1.0
1.0
1.0
1.0
1.0
1.0
1.0
0.9999999999988204
1.0
0.9999999999999999
0.999999999999996
1.0
1.0
0.9999999999998148
0.9999999999999989
1.0
0.9999999999999976
1.0
1.0
1.0
1.0
1.0
1.0
1.0
1.0
1.0
1.0
1.0
0.9999999999999999
1.0
1.0
1.0
1.0
0.9999999967224547
1.0
1.0
0.9999999999999999
1.0
1.0
0.999785343630765
0.9999999999999903
1.0
1.0
1.0
1.0
1.0
1.0
1.0
0.9999999999999997
1.0
1.0
1.0
0.9999999999996111
1.0
1.0
1.0
1.0
0.9999999999979992
1.0
0.9999999999999996
1.0
0.9999999999999998
0.9999999999999992
0.9999999997918536
0.9999999999847494
0.9999944717490912
0.9999939723348931
0.9999999804590343
0.9999999988448045
0.6446576035092091
0.18255634706110566
0.16677372084872438
0.5362166484946553
0.5207879018143996
1.0
1.0
1.0
1.0
1.0
1.0
1.0
1.0
0.9999999999999832
1.0
1.0
1.0
0.6471903082663429
0.9770005806671992
0.9999976944605155
0.999998841317559
0.9999999999999909
0.5818805220192315
0.029730941822185376
0.3680037095699642
1.0
0.9154867195249128
0.9999996145354992
1.0
0.7808181671047667
0.9477588400739426
0.9993353658877269
1.0
0.9999775395133796
0.9999999999999575
0.7416915853922682
0.7941006568252083
0.7155361310596094
1.0
0.9993898152398307
0.8467851043463986
1.0
1.0
1.0
1.0
1.0
1.0
1.0
1.0
1.0
1.0
1.0
0.9999999999999984
1.0
1.0
1.0
0.9999999999992051
1.0
1.0
1.0
1.0
1.0
1.0
1.0
0.999999999999528
1.0
1.0
1.0
1.0
1.0
0.9999999999902295
0.9999999980000314
1.0
1.0
1.0
1.0
0.9999999999999998
1.0
1.0
1.0
1.0
1.0
1.0
1.0
1.0
0.9999999999999999
1.0
1.0
1.0
1.0
0.9999999967224547
1.0
1.0
0.9999999999999999
1.0
1.0
0.999785343630765
0.9999999999999903
1.0
1.0
1.0
1.0
1.0
1.0
1.0
0.9999999999999997
1.0
1.0
1.0
0.9999999999996111
1.0
1.0
1.0
1.0
0.9999999999979992
1.0
0.9999999999999996
1.0
0.9999999999999998
0.9999999999999992
0.9999999997918536
0.9999999999847494
0.9999944717490912
0.9999939723348931
0.9999999804590343
0.9999999988448045
0.35533939955239496
0.2120014344003986
0.05408020880479533
0.12748819048841323
0.166194766860496
0.9999999999994665
1.0
1.0
1.0
1.0
1.0
1.0
1.0
0.9999999999999467
1.0
1.0
1.0
0.4886799565347362
0.9950940696621053
0.9999999817381626
0.9814106035823987
1.0
0.6382735757301957
0.014333642501214664
0.017174002385408612
0.9690919677944723
0.9999913225631163
1.0
0.975412694890456
0.9965327678604445
0.8677223330513618
1.0
0.991695459842786
0.9999999999999998
0.7942599180872036
0.906898498565128
0.5730644002217787
1.0
0.9995719558063868
0.8038800684331155
0.9999999999999937
0.999999999999999
0.9999999999991127
0.999999999999999
1.0
0.9999834085923166
0.9999999999999999
1.0
1.0
1.0
1.0
1.0
1.0
1.0
0.9999999998699062
1.0
1.0
1.0
1.0
1.0
1.0
1.0
0.9999999999996456
1.0
1.0
0.9999999999999998
1.0
1.0
0.9999999998805503
0.9999999960320956
1.0
1.0
1.0
1.0
0.9999999999999997
1.0
1.0
1.0
1.0
1.0
1.0
1.0
1.0
0.9999999999999999
1.0
1.0
1.0
1.0
0.9999999960158227
1.0
1.0
0.9999999999999999
1.0
1.0
0.999785343630765
0.9999999999999903
1.0
1.0
1.0
1.0
1.0
1.0
1.0
0.9999999999999997
1.0
1.0
1.0
0.9999999999996111
1.0
1.0
1.0
1.0
0.9999999999979992
1.0
0.9999999999999996
1.0
0.9999999999999998
0.9999999999999992
0.9999999997918536
0.9999999999847494
0.9999944717490912
0.9999939723348931
0.9999999804590343
0.9999999988448045
0.6446576035092091
0.4628426172670926
0.2898868273135301
0.07688573339167186
0.5442825574926963
0.9999999999999752
1.0
1.0
1.0
1.0
1.0
1.0
1.0
0.999999999999881
1.0
1.0
1.0
0.6572242775857153
0.9901369710625998
0.9999999192395559
0.9999913174844638
1.0
0.6473189272544401
0.33776674823925945
0.35130038240383354
1.0
0.9944114181007566
0.9999996025310517
1.0
0.8808490867504539
0.9463699695397105
0.9975038146864144
1.0
0.9999837360665313
0.9999999999999369
0.7197226992452773
0.7987992372014289
0.05891613850067804
0.9999999999999994
0.999908223261195
0.9979222569005581
1.0
1.0
1.0
0.9999999999999998
1.0
1.0
1.0
1.0
1.0
1.0
1.0
0.999999999999992
1.0
1.0
1.0
0.9999999999997147
1.0
1.0
1.0
1.0
1.0
1.0
1.0
0.999999999986382
1.0
1.0
0.9999999999999999
1.0
1.0
0.9999999999998842
0.9999999989782999
1.0
1.0
1.0
1.0
1.0
1.0
1.0
1.0
1.0
1.0
1.0
1.0
1.0
