100
100
100
100
100
100
100
100
100
100
100
100
100
100
100
100
100
100
100
100
100
100
100
100
100
100
100
100
100
100
100
100
100
100
100
100
100
100
100
100
100
100
100
100
100
100
100
100
100
100
0.9999968901446157
0.9987167668116836
0.9999955504815489
0.9999934345794942
0.9999886279972144
0.9390208777899756
0.9994413192830164
0.9985810273146822
0.9999907783285201
0.9972197320335124
0.9947749104930786
0.999996714263469
0.520567338985203
0.9983290294042467
0.9964600931577842
0.42959531592722755
0.986609775935463
0.05685752195758211
0.9999996017088675
0.9999990291693133
0.9928555722113538
0.9999999636166899
0.9999999572656089
0.9999988271509441
0.9999838472193864
0.9999999687237283
0.9999992100759634
0.9999802133064634
0.999899700041635
0.9999999891248187
0.9999682615700172
0.9580646502233593
0.9999992643831822
0.9997900315499086
0.9993752888330626
0.9992070156540886
0.9984360439653603
0.04298106987966603
0.9316439725570445
0.9972737383636887
0.9999845935145485
0.4619337985999107
0.9931283751120346
0.9999455447842037
0.9995669247892748
0.9999114976186075
0.9999989977370355
0.9999895114438483
0.9998333957813971
0.9994982795386093
0.9441749823934009
0.0727477878232567
0.9161575624492945
0.08008184287610821
0.13252642584449592
0.7079634482863777
0.9999047705429673
0.9999999987486312
0.9999949939512525
0.9997500385682367
0.9996888075948763
0.99959270476883
0.9760234471834671
0.9999957708885359
0.9994901511012555
0.9809149891643161
0.05198771216934597
0.7395706160283154
0.13882749230185182
0.10313850825711493
0.9982876788888198
0.9999875678984388
0.9999999999966844
0.9999997983686743
0.9993368104099954
0.999638391690434
0.9990570845302407
0.04144891456929998
0.9984138858401275
0.9986032283867402
0.989083710485047
0.9981362526812311
0.9998863423640856
0.7720784274699731
0.9993615533531108
0.8520596230105888
0.999678644406249
0.9999940785432654
0.998457818078692
0.999614911756159
0.9998986715399725
0.9992980816373876
0.9998146929282189
0.9998519603416289
0.9923365183272154
0.9999639323595275
0.8647427180906839
0.9988074799238805
0.967500856713271
0.9228461753078704
0.9878399926006752
0.9970696449741754
0.9997146912741972
0.9979288526858833
0.5459724947997073
0.9999999369078831
0.38539880292255213
0.9263887049383879
0.9036008453754325
0.6561515763707224
0.99244984448975
0.9991469837491902
0.9932586972023444
0.9948881065040266
0.998459676766016
0.9999597272114312
0.9999028366971744
0.9999808871108584
0.9997097874647166
0.020767957502109514
0.09538413339471077
0.6849815584806872
0.4910111061073058
0.9968818071989456
0.9967468124704739
0.999998209148742
0.999712613338072
0.9514904483620956
0.996976889065189
0.9998015655129275
0.5459635488188318
0.9740634313654365
0.9985714293032334
0.9999485241982093
0.999594327996585
0.9993883885258035
0.9923072321206067
0.9999609322358808
0.9999576576535304
0.9979049828252354
0.016097504797558882
0.9036809325467853
0.8422814511699719
0.9560115637879408
0.9958283674579858
0.018145067866546058
0.9810759746323431
0.999776881144801
0.984861296757221
0.9892183175025021
0.825662148438645
0.1107868993380488
0.17721037907425644
0.08518796330866481
0.8750590485046509
0.9382277062625326
0.9999064880873881
0.9999782600132068
0.01025259867644111
0.7490571979873076
0.9624503111197538
0.9814719635831883
0.9241254092253105
0.9930403178555789
0.998488609278974
0.9983716268764872
0.8961327854677638
0.16498376895634087
0.13842526763491814
0.9992517962708561
0.9983456982089144
0.9321317359099581
0.9989209526234342
0.99465153407111
0.9959442674389017
0.9991503592328764
0.9999168421912458
0.9942596954212548
0.9978554756447049
0.9918593383292851
0.9999643023488348
0.9999599709374877
0.998713844744091
0.999783595922325
0.8894544222463713
0.9999846985846118
0.9999507858602417
0.14002331128694825
0.006565806406898486
0.9999977102437515
0.8608038405921368
0.9965953085141083
0.9999982427725624
0.0803024429124968
0.014153813891407465
0.1562395765126463
0.47289796175162735
0.9999985840338574
0.9999999795866641
0.9993156440303211
0.9999959360972093
0.9999999570792167
0.9999999818879836
0.9999857370703232
0.9999996739789913
0.9991611858935193
0.999940129516825
0.9996981888026664
0.9999974283133424
0.999826190422402
0.9654804655196411
0.9999716058443698
0.999810365375542
0.999274144873869
0.9994061740739675
0.9997584319494046
0.0073489279532872355
0.8818654792940863
0.7901409210776746
0.9998973063459581
0.2906527187265238
0.14320333022139298
0.08552451414013788
0.7438123194710452
0.6607152514067548
0.9999645766635706
0.9872626419528879
0.9993142600837508
0.16503926430759278
0.9997760125560062
0.894096167697605
0.9999731502989553
0.9999825093012272
0.24244238414756542
0.9799426308663775
0.9960558530319952
0.85941670978023
0.9990687890350958
0.9971548526125247
0.999719554129752
0.9992769275658571
0.996322014036265
0.8813720942831877
0.9999664849815432
0.999516021856516
0.9999562432271252
0.1167443740272074
0.9568697673622955
0.985198054176298
0.9999643729252261
0.9980959044164155
0.9999833530337221
0.9335863413171753
0.9855539464987367
0.9720005952114735
0.99987597383219
0.9976911971616155
0.9916952185960849
0.9958756667506986
0.9718347714345554
0.9988785867620836
0.9928743203105216
0.9755306769227796
0.8422291812363596
0.9998499039613477
0.9999182155015426
0.40831922486684913
0.9989250207513748
0.996558112492939
0.999253133335335
0.13641912685371815
0.09675130230338469
0.3562843253851689
0.3776423321935646
0.9999860597954942
0.9959526996038998
0.9965340163483959
0.0035590937335616755
0.3234370101984095
0.1304537365101099
0.5591980740872227
0.7454148024647155
0.9206171141228408
0.09403403539129543
0.014391999807582627
0.19975344150529992
0.6501161714961081
0.5689108700947023
0.0287583154984759
0.13134151788437318
0.42741470361583267
0.4229111729910776
0.6081445790265803
0.02144322734024174
0.3738635911524972
0.09415510910626428
0.4558857925875655
0.12423367231521742
0.9675468972820397
0.6048693212518559
0.9999999318676387
0.9999999900147877
0.9999971027579114
0.9999994983332361
0.9998480454630322
0.9999401708255874
0.9999943687299839
0.9999999944087241
0.9999868876352078
0.9988569408291131
0.999116821568685
0.9999990534079204
0.9997300031763591
0.03499147357896048
0.9969208703459961
0.13336083325573278
0.08699273617729533
0.05321022483678804
0.6640442742965922
0.17726190360535643
0.999980576437359
0.21402660888422487
0.06062631960792781
0.06256729016017257
0.9697617568158472
0.1608113451554834
0.11818664434345429
0.07853134932727425
0.9025358282445011
0.33892364317219925
0.30376747064471166
0.11650104211171194
0.9999993113011368
0.9999991356489076
0.9998121275778816
0.9999998830466355
0.9999828144962957
0.9999797575333307
0.9999558478425512
0.9999999914250667
0.9999798985303822
0.9989988695154111
0.9991365803902815
0.9999998387936703
0.9997871060017356
0.9365034340241332
0.9999812268966473
0.9998068597486128
0.998799170141391
0.9993932350465194
0.9989400103164408
0.050808683364526035
0.7507839011156366
0.9650661836414116
0.9988309355944845
0.9978908549707534
0.9960353282657904
0.9999504479850815
0.9999268537757472
0.9999916358034743
0.5122172610316011
0.07413369704604203
0.9987281406446777
0.9998872649073206
0.9992747611881098
0.7918232034549945
0.9991535441850953
0.9999082808881686
0.9993417286177474
0.9566279319148262
0.9990466111187335
0.9999851856587152
0.4541133303488689
0.8012451202685621
0.9996289683069793
0.9998081129646069
0.9999647202008659
0.9970086238648336
0.9976266943383385
0.9960109838014304
0.9975046493502178
0.9999789831595846
0.9998025949639306
0.9999966999353738
0.9999126614988739
0.9998519425609593
0.9993408039312345
0.18800660409658365
0.12716144366044707
0.006029970062971226
0.9809087724019138
0.9999838177408336
0.9999998230512559
0.9999995457122816
0.9996593124706958
0.9291032751603854
0.9996914702803436
0.9999999025806486
0.014938012398934816
0.3225769629743181
0.9997508618092824
0.22407451354739868
0.09295532361969647
0.20625731263670866
0.014321477745570051
0.8236662577565401
0.27712786756134794
0.9999999902632403
0.9999997376850194
0.9997686772108476
0.9999972489692519
0.9999999610697061
0.999999996012056
0.9999986901898001
0.9999999819454738
0.9990907829886349
0.9990527601658186
0.9996961845562369
0.9999976151160824
0.9991338623314368
0.040747789779596574
0.9921678951512575
0.1100794898842036
0.05641969289910219
0.14221091430317032
0.8357130041380004
0.3711640937502896
0.9999654480377737
0.16130581262880495
0.18469038523833126
0.7386808063404864
0.9247175706416195
0.48123759233911717
0.16860310164401385
0.005807278595504852
0.3816727692688254
0.999299251354806
0.04561989154779433
0.9003069934299425
0.06525943013849773
0.019278892117514556
0.036299029143503955
0.2057877007362909
0.19152380464879457
0.6733475636244586
0.6026423291408431
0.08300532316555576
0.5061632721164625
0.8410419346823216
0.9998739474371594
0.9967032949649942
0.22389195662754552
0.029191960394816353
0.9309710724349111
0.9926763104309617
0.9264102640456209
0.11357162467028482
0.09039819846933027
0.715997233028222
0.9663435420261213
0.9997145017946023
0.9998352091131592
0.027068188308601197
0.16439210368179516
0.7336300688560949
0.012998111150161817
0.07135872292305269
0.49271523043661586
0.15233883571904447
0.7432605417476426
0.5299186689885196
0.9999636993036245
0.11400641967112894
0.7988084464217112
0.06916522799384824
0.686383856573026
0.607294734463869
0.9980415906114469
0.8744271713791066
0.9992125359897989
0.9962056021860547
0.06995059904121025
0.27327226231551105
0.26597117701012196
0.9844322547687043
0.890673150160058
0.9978088698238106
0.9971285180956931
0.25541607924987525
0.9837046514357709
0.24729389408920285
0.99999034364316
0.9999994516651084
0.8825990872320977
0.9999977953237449
0.9999998594148239
0.9999987494269468
0.99998814331441
0.9999975593642046
