100
100
100
100
100
100
100
100
100
100
100
100
100
100
100
100
100
100
100
100
100
100
100
100
100
100
100
100
100
100
100
100
100
100
100
100
100
100
100
100
100
100
100
100
100
100
100
100
100
100
0.9952136437601014
0.9997410496282567
0.9999971910363028
0.10321790801158413
0.9991009841265649
0.9874913248261963
0.008568254103916734
0.030725970664176306
0.0843412184369976
0.05801631700425869
0.06482323881157238
0.44844021269315404
0.8479726387718701
0.9991734719718134
0.9999506867499447
0.9868133134104446
0.6137196981991313
0.9975984243821363
0.9985871708371942
0.06307141446575991
0.18947971742008374
0.12453533819132165
0.14219862596548427
0.08586330190159437
0.1507340045261424
0.9711239954916769
0.9998446522054425
0.9989976066139381
0.9971723239575283
0.9999921485386339
0.9999835268150276
0.9999723564487396
0.9992600249122335
0.9999911141341375
0.9985232003175057
0.9979764130976982
0.9917428053920067
0.9999941740459538
0.9963376256175639
0.04909472109649185
0.9994667098636789
0.05196387406254175
0.08005031197528517
0.5284950402242671
0.30715347698145623
0.066601732031899
0.1999135052518261
0.6297412546606098
0.05133267455590392
0.016307791362160273
0.8238902374702121
0.05600785037709522
0.27028971804789603
0.21582808534760334
0.11262188249274566
0.15117889006803703
0.1260181842427164
0.09370708869388387
0.10541829836553933
0.11337646311885478
0.2201003912092771
0.005151718517932338
0.09812090845837564
0.1479907735160298
0.048375226839971995
0.013227547765611818
0.07803758222004308
0.039146535414600954
0.06855941941650752
0.04852100926591539
0.17179947194424106
0.32143323544739794
0.06380833777202297
0.03644904236657345
0.16705275589719357
0.5057927395306766
0.32592666538214815
0.10051089007437745
0.2366122890040885
0.6216223723334791
0.1326943689018966
0.9999957207053232
0.9999967918099685
0.9994109391993812
0.9999934611702173
0.9999957202037187
0.999873014904314
0.9990828916067459
0.999999949765425
0.9997363528342681
0.9980373401981465
0.998967187708597
0.999992779332895
0.9992615853158531
0.9304289135786382
0.9998612584128969
0.999029509328534
0.9953656750472836
0.9973081913280738
0.9965307230476199
0.11721051123346758
0.5477337380641044
0.9817918733350814
0.9888898094525655
0.999163223817022
0.9989034861928452
0.9977394316561939
0.9412744848113542
0.9743080316319233
0.996974546761183
0.9997554219880656
0.9981480709234266
0.9981751385696512
0.9998962955011157
0.999658012592398
0.9997915641865851
0.9989593842158211
0.9967407647775676
0.9979709645860887
0.9998210895042862
0.9994206851983841
0.9999882814023635
0.9999961982144897
0.843054328090737
0.9999675461654879
0.9999892179516725
0.9999367209984685
0.9999993003429363
0.999829861301724
0.9987245280375115
0.16948774071061393
0.10100435563667112
0.09556578728383117
0.29565906213242094
0.9288318535670678
0.9999282026142364
0.999989034664746
0.9999320676646165
0.9999966448276021
0.9999441913957228
0.9999999988718011
0.9999992807354057
0.999966189249511
0.9999958285309446
0.9999168320809276
0.9998793877072942
0.9999981653323989
0.9998997800600208
0.9997256177020218
0.9999999715561446
0.9999996289409696
0.9995558636555469
0.999765317205679
0.9999999533793553
0.9976428829934505
0.9845957401020413
0.9999524498232695
0.9990252061359962
0.9857447224569719
0.9982952136111348
0.9974530438618691
0.03508684313273341
0.07394583332096645
0.1273919192897125
0.9939133653660591
0.6804575514990366
0.2425753853910213
0.9702475473754876
0.9998234645247118
0.9999999990826369
0.9999998220948735
0.9997933304555866
0.9457270498715336
0.9995338546734969
0.9976247699095816
0.959638753983926
0.4468496718409364
0.10064290087542772
0.9992074781446454
0.9415995369366679
0.12171273619041352
0.9999993819908752
0.9998726731467441
0.999999930146529
0.9999598093422234
0.9989471015341183
0.9365604916420245
0.9985685889386271
0.9995064641478265
0.9713485404257415
0.47374682647489647
0.14213857074158318
0.9993414463287325
0.9276018360845957
0.12605416058044183
0.9999845896559659
0.9999688582633774
0.999999704369683
0.9999992641428651
0.9993692164102076
0.8500762006679812
0.9981756524959408
0.9998798129738014
0.9790589614801305
0.4352279909025128
0.06473596457048021
0.9991148840926176
0.9178236847492853
0.05675114351007764
0.9999886582352501
0.9984288351190495
0.9999999926199217
0.9999995840494762
0.9951785068776199
0.5701805289813051
0.9998928570325658
0.9999415889165273
0.9496414954722691
0.9997667747833616
0.9999736676002338
0.9775360609437787
0.9996532135785641
0.9999983216940808
0.9998427175876688
0.9985468504656071
0.9875340207861621
0.9999978326772812
0.9973996198196704
0.9161389467352256
0.9999460357524903
0.9970221793391324
0.9984496766018611
0.9996427696655931
0.9902478819238031
0.058825874521888526
0.10361454138365214
0.9547154582225535
0.937756485326425
0.765258164273548
0.0790949622416758
0.31401742546139694
0.8883451870618302
0.9936656014462967
0.9998583140864242
0.9999673716752739
0.19660864369043293
0.7813683221253135
0.9946950336864969
0.9997403319636118
0.9992201168734526
0.9999829588796864
0.14879317550177235
0.9420372010167858
0.9748669807238507
0.977097128750318
0.9905092751625736
0.9991778969233341
0.9998190005314921
0.9984910437124672
0.997916244345214
0.9999998504447262
0.9999999858904285
0.30992938490238303
0.22744326170661106
0.8591303866145505
0.6698014022522581
0.07294159316570997
0.06690787950228735
0.5600811492542083
0.008471032039463143
0.22127495083111184
0.40463850319982325
0.14703694631294614
0.10194853845621771
0.2835587922603125
0.20768160643819716
0.44189594277984884
0.004875784586308676
0.47082461009532645
0.035375025323406896
0.00464334376010336
0.06866241946773483
0.003924199608534093
0.06645842642527541
0.09293354465450958
0.2361025611444667
0.21213845999005576
0.035886059321829034
0.02147482936318128
0.10261993519688889
0.05480290357148154
0.08131429762486306
0.07112555255171066
0.09330225360004368
0.08795733335450437
0.012510959661662997
0.11949746166105264
0.05924238915315104
0.032683302318565484
0.06406311524988562
0.011428954419225472
0.13229701771363894
0.18327913992483974
0.14347082094440725
0.20399309834519552
0.1716882453104375
0.00956735794970902
0.0636993608314172
0.331251306018216
0.27111482435742834
0.06614624785984889
0.13826294223104088
0.04348931471878229
0.22529818733800144
0.15807156090518895
0.0715820641603581
0.04305829510535637
0.05502181904021519
0.20893587585574955
0.19511613188044477
0.3993533111161176
0.9852918108415405
0.0007007514965624358
0.4402673303651232
0.025877259443229224
0.23020406074774322
0.7244083651193874
0.07918785378031114
0.4719997546137047
0.02294896751068918
0.0006391033753166795
0.17126323730651186
0.0929274000799984
0.3609415145964014
0.4661300354531484
0.38810401622625385
0.023952507527370062
0.056097646400447475
0.12171533220084396
0.47140126853607545
0.567962597043555
0.1372208156520012
0.8958595027076824
0.0447981025674357
0.560540055410534
0.026702972614717994
0.4920982449958289
0.13308044249576528
0.17734226768639894
0.08163049933024535
0.39924102546414203
0.2715518126435843
0.9978682535436015
0.46243417879157045
0.999995741355997
0.9999827103189584
0.999249213700728
0.9999988530804487
0.9999683612435253
0.9999336892003613
0.9998494862103015
0.9999998388292051
0.9999313737086781
0.9995251322233958
0.9996103559264977
0.9999989847423993
0.9989383585372632
0.9156062234978628
0.9998808345633778
0.9989285302249072
0.9969431648343942
0.996999507169769
0.9972755491337245
0.04526857135185714
0.5120796847602942
0.040245780862509975
0.9899134155027081
0.46072037512144154
0.904607938469239
0.8620742111938327
0.31311229736588153
0.08646276020097125
0.4942668954147766
0.08357763120738165
0.10302059649928938
0.060339797751484216
0.9637501260533953
0.9955870301493233
0.9996518793110682
0.9999906913849483
0.9956744657994286
0.9211145842140619
0.9998288405553334
0.9996978720757294
0.1436152519671524
0.11535558911388082
0.9915113080461
0.11964269269591958
0.2831438743197567
0.09325146167694882
0.026481208163460012
0.2685051459002003
0.9997953152836464
0.9994633396956264
0.8975887147779907
0.10991706634636257
0.036264987467324296
0.548337327866941
0.0717879995288024
0.10115582623111372
0.008834994884896903
0.1906806788855733
0.7567734320401441
0.8358092483300502
0.1403321345388706
0.012282249407669442
0.10479943848282267
0.5107286137447681
0.18429898551953683
0.04326332442388643
0.6725678450783644
0.11076975539883936
0.31139821195984085
0.5549707811996522
0.9962823363090874
0.9598516507395075
0.05968372542820977
0.3641938596977395
0.8003098083862058
0.9994972674916557
0.030213837426767476
0.05848004146197733
0.025282555117379396
0.08643405857864604
0.13142566315411827
0.0972890298697158
0.07141157479641838
0.4004528348046937
0.17972254005412797
0.4009408985559207
0.14861601558857332
0.25152071055903713
0.2981941311534453
0.9994118929719014
0.351929157489269
0.9985300470077052
0.9987457602972735
0.008502178244069021
0.06869051770402262
0.9491213012743444
0.027166096131636144
0.9778248654657858
0.9998360100200036
0.9944208053073139
0.8507747815005535
0.9997699110517451
0.999936507599432
0.9918200331917346
0.9998882711216703
0.9999913950921377
0.9996580587127669
0.9994202368152838
0.9999997884260959
