100
100
100
100
100
100
100
100
100
100
100
100
100
100
100
100
100
100
100
100
100
100
100
100
100
100
100
100
100
100
100
100
100
100
100
100
100
100
100
100
100
100
100
100
100
100
100
100
100
100
0.9996310422324919
0.9980276421303793
0.00550327156806582
0.038076197424959206
0.08652299604660096
0.7615098741287087
0.07955907057342172
0.1059251801297922
0.032654357353857605
0.986762229031396
0.9971165842949242
0.9999610927797878
0.9999863812470755
0.9888932998963662
0.9915943910980395
0.9971162254891498
0.5864865681368511
0.9988283020817594
0.9921181091604961
0.06079050066571838
0.027237826166588316
0.09363915723597645
0.19644034531760476
0.010211394033021693
0.06620956829393368
0.06528022344362155
0.04420878731148236
0.06179303472437084
0.050944844047975675
0.27331834671158844
0.28952017973035693
0.03985419932708957
0.23602335364005778
0.40398490635603007
0.7028439692920186
0.25760530634495227
0.11576108525490006
0.009302668908538302
0.1120503576598616
0.03768438503143672
0.0265505339610992
0.180741680473001
0.009812398570932896
0.1742904796181037
0.794382841781751
0.3111403206075146
0.5629479096074752
0.74173844931546
0.8846110219790632
0.8793931858291677
0.8503266865556769
0.9992517129795642
0.9124668667104392
0.9999685183423224
0.8444526988291567
0.9827958682436196
0.1571732040126936
0.00683599661194658
0.06296853165275515
0.001048889693340238
0.07873226759879087
0.04760811925154433
0.8787781562156952
0.9761596334846916
0.9056111805866309
0.08745744625052862
0.7786380957866366
0.13407557372466608
0.14816918690198297
0.04863370380244885
0.7318881531447415
0.2650630781930438
0.9977948740114878
0.9819029488107157
0.3691808157424281
0.7020567981114787
0.9898336592237478
0.10741968578161815
0.07659005142108853
0.3407206412747167
0.9832353316905872
0.999976978687821
0.9999999597785979
0.99603721419666
0.3266000368934989
0.9895188711191619
0.9977271175527482
0.3619044943950775
0.9893145680708473
0.045442799077385916
0.0792272480742948
0.47582909235961285
0.6432408557743312
0.9989236352863995
0.9992901241094702
0.9994439495041274
0.9999960196919246
0.9999854317163037
0.9998425242718819
0.999168434431546
0.9999880762181419
0.998738143965548
0.9849183339613858
0.981118073544689
0.999988934039158
0.9930931239003183
0.8703502594742116
0.9988450244444708
0.9904728417508263
0.9950926002576068
0.9961455540508347
0.939331920230968
0.2305737800431915
0.6885850787459247
0.2027563205420545
0.11008347378050677
0.0803683202028383
0.09087423557727897
0.8749049708330685
0.9956285167510059
0.9999979038884669
0.9999989266851284
0.9996104693157345
0.9907638072535535
0.9977427484241391
0.9990915226517609
0.9461626588029369
0.9882805638230737
0.9984517338658132
0.03466740810981242
0.28033374398554767
0.9928449830345293
0.8446615795934317
0.9919916042708741
0.9999998086827413
0.7080953277171781
0.13059428096770478
0.30238794996695056
0.836737073984631
0.01360511144364292
0.041638208605145687
0.02940905108762895
0.4404433635831717
0.999668029462026
0.9999556684685779
0.9892863063588065
0.9983610081025895
0.9999488519371
0.9974496243458696
0.9987510172860993
0.9999796995087099
0.9989872384187573
0.9926744068514456
0.974204073431735
0.9999488838808689
0.9840418395473859
0.9163131104653207
0.9996264121802855
0.9884882716962173
0.9917511178103442
0.9951810074203081
0.9649951119583192
0.0457598230938544
0.15171351632730268
0.8814900230075952
0.9810773346508512
0.9854783749750489
0.9946999319273007
0.992254141863047
0.9941765984008009
0.9992852054303738
0.9630816759388324
0.9973756994943722
0.9995198959713057
0.999386538996218
0.9090704359586974
0.0016951672367536052
0.8909949610070509
0.010152029786025304
0.8154030065767451
0.09639886766474233
0.06682557340154407
0.09156058088811318
0.9465515835289848
0.9092466674251888
0.9981142591541573
0.9522521104707504
0.0979919820798624
0.2847144244163197
0.14160701275053025
0.4538195770307425
0.6742045726311279
0.7342857911159215
0.8699834175201431
0.5843666750525149
0.4061426518257058
0.34600180907443484
0.39252511482407504
0.44788336812403046
0.3153107769952188
0.15598911066986498
0.057166651503867336
0.0241530780820391
0.06855532263152296
0.04372206876697521
0.3944721433912175
0.12542392244625375
0.6315522692056381
0.010236568957939866
0.007161025153522297
0.031215689864265126
0.01226787217450371
0.05114556741524973
0.05928976334609983
0.12040658419525609
0.08674070115445896
0.43572953338385567
0.02608439823843746
0.003576169501836988
0.05379648516889708
0.057080285005183584
0.5217009242491112
0.04482311850719607
0.1351215147896433
0.12093607810816737
0.16131697611663878
0.08629981779715946
0.09699323167788079
0.2728117211825526
0.17227152261679685
0.06856357979071898
0.7304217491453857
0.03189427271457078
0.07350145543810019
0.08566517469222945
0.3157216309600342
0.017545261319100044
0.03944457795341634
0.6502044042415939
0.72950416003659
0.07581794307087905
0.04344348115387898
0.009416757085456971
0.038433721160581885
0.19117373110335942
0.17262422716398648
0.1872675410212174
0.10230209987318509
0.0405585413140976
0.9927339642347219
0.8041447557550263
0.9999732515588677
0.9995661647587845
0.9730566614823929
0.9996456129700549
0.9991749274586341
0.9988334169154579
0.9976786005667143
0.9999921979813746
0.9985994414375206
0.9918323060851746
0.9910686447413509
0.9999614785671098
0.9939555052158173
0.7779412618021303
0.9981724230761991
0.9914808988614718
0.9900648029707275
0.986596952395677
0.9866218563744906
0.22569486457784524
0.021652566101288725
0.8930874324813045
0.9962284933114709
0.6331969406939468
0.5679868403779932
0.5087672574991433
0.5439159732829232
0.7543819832439685
0.9512797010974794
0.7582019498049609
0.07342066958789227
0.6578084838897515
0.8233646098728974
0.09522588855093567
0.05003636908193089
0.17635022084370738
0.07319689551209034
0.22037262007151798
0.004046884356049851
0.996376670641191
0.6737454104612013
0.03870184940693651
0.5854785658204347
0.8352328645074086
0.9997507703806446
0.9900896174838157
0.9819247215569606
0.15226317538450926
0.07853234350643976
0.06737696167336708
0.8584890077340949
0.9755054905090059
0.9959901178472574
0.998618286981704
0.16567680816986072
0.7302481749077993
0.9758808766282154
0.04508685316577664
0.3364456671450753
0.0543135992013677
0.002326323094088589
0.9096343414570667
0.9951700127701895
0.09315135999417085
0.992411541683057
0.30936214778367527
0.0002982474078975823
0.011782867766139092
0.05323150942542345
0.7392934454385944
0.09335903982689078
0.16036151741679194
0.09263012106809099
0.0891453040765891
0.07238694528151834
0.1895452168449407
0.0888848334842416
0.06383822877830884
0.10287695383406631
0.069057228406222
0.06154220518935056
0.0844112352656696
0.079415292276162
0.10665820917550664
0.042953170127446434
0.09187574183187225
0.18094520413245868
0.2048708265577453
0.7702583694328498
0.4532815253026473
0.9129267574062715
0.6398199295874777
0.9818266265716021
0.3983154479987386
0.9986503107771763
0.9890086496315905
0.8674174011673347
0.9958289197717559
0.9578460692263691
0.12780637191469163
0.10717470401138487
0.38277168989616833
0.8879880674345433
0.9889026432109447
0.9805951352566515
0.9880070177401049
0.9119149801426089
0.9006591000422371
0.9754961847994876
0.9962279572312629
0.986006431241922
0.9783977625079107
0.9826118294084273
0.9950899011423413
0.9964936037934053
0.994141708651744
0.9901426362686119
0.9705973552726788
0.980073824478626
0.7309229906431608
0.9973044426943103
0.9998423612180593
0.9784709949769239
0.9997084831149544
0.9968585308437186
0.9999489458672459
0.9998089655925411
0.9957244508590416
0.9998690466590617
0.9870654598161471
0.999086327170333
0.9994544942960777
0.9921094688950506
0.9991503100030088
0.9999991254113876
0.9999892775778485
0.9989444831104313
0.9995870191862436
0.9999993447308252
0.9979834877625029
0.9695596388474077
0.9999454484334063
0.996808992712597
0.9497111730447308
0.9890326194962085
0.9692833268382465
0.24960038768234918
0.9693064204643049
0.993551130049634
0.996040143419141
0.9883778622793611
0.9925819444499786
0.8004473621155528
0.15781707770910328
0.096232301635995
0.10492997725124537
0.06610247153259376
0.06533015031979271
0.47783126551175714
0.9096877475068704
0.9877535307668813
0.9999689791083919
0.7191735642049698
0.9986377899183484
0.9848554244323107
0.998585285993635
0.9950766767087917
0.9958372690925759
0.9985718572802359
0.9852855573356875
0.9730980621382737
0.9976529261168571
0.9981258893904309
0.9868585475474552
0.9855930587845978
0.9988324505558277
0.9966096855933254
0.9995030785621208
0.9936426604267223
0.9904332135144094
0.9903241236211474
0.9872486252059601
0.9384377077774816
0.9927689244110144
0.9998318121773585
0.9960843815829228
0.9999576717166425
0.996688201413966
0.9999434091835178
0.9999677434937292
0.9982406137053649
0.9998103258191888
0.997821133968769
0.9992437545637783
0.9996371445998483
0.9930825356570829
0.9992262790337837
0.9999992155856692
0.9999907333782785
0.9990367786687023
0.9995730338934232
0.9999996405046001
0.9978858850499768
0.00486562862219594
0.5181090628630335
0.32484898264016443
0.9062606518696804
0.6866861763410234
0.3569595194753832
0.45087401557752615
0.07419169698093905
0.05339442375006129
0.03147746248855731
0.0013965544079551472
0.16258594699980525
0.08822420408249299
0.07593240078806607
0.0525337113165117
0.06076997860779078
0.17663851662617833
0.6978367731536066
0.9849333098064402
0.9901744267911077
0.8416113496290407
0.5974259238861397
0.9903347851797418
0.9993814024793276
0.045513836425086523
0.025751614978320368
0.11925780526802315
0.07365962006861448
0.10550683998628249
0.16616685058566405
0.0034873131386014135
0.24050655907818108
0.0016221780842860167
0.22223249867713685
0.39354663699218406
0.0540778725298757
0.08892476566043994
0.3856953690080917
0.889157947431309
0.9964258350226457
0.999525971873412
0.9628933201588072
0.840569812983574
0.9902750449775386
0.9808459138062702
0.08232640976896297
0.22210225834759417
0.11525105654277182
0.5991390896489466
0.8233164304133214
0.9940766605713239
0.015310625886936812
0.9767404198785122
0.953592149507576
0.9982461418214946
0.9992661566304933
0.20011884954938894
0.6179670377337549
0.911537067720195
0.9200043469452334
0.09636815696965105
0.06567458857662793
0.09946412529413753
0.8339378000527992
0.5594446545377592
0.9968063988645317
0.9987109551641358
0.9964762758494452
0.25302274083882353
0.9018014141589679
0.4068043787288049
0.9926515737259444
0.9998500560681102
0.9994274390002419
0.9999969655499084
0.9999995507758772
0.9992215056102901
0.9993665338098875
0.9999982757454576
