100
100
100
100
100
100
100
100
100
100
100
100
100
100
100
100
100
100
100
100
100
100
100
100
100
100
100
100
100
100
100
100
100
100
100
100
100
100
100
100
100
100
100
100
100
100
100
100
100
100
0.9999999999998717
0.9999995449201353
0.9999999866314587
0.9999999999985718
0.9999999999996441
0.9999999997633268
0.9999999977469587
0.9999999999999991
0.9999999824880236
0.9999998183775869
0.999999999979534
0.9999999999999976
0.9999998318181406
0.9996888163825567
0.9999999628989132
0.9999999741997847
0.9999999948599532
0.9999999999998045
0.9999999999940324
0.9556378362403807
0.999474430140877
0.9999973426577202
0.9999999969565375
0.12907184606341623
0.2690494203095531
0.9975562751296052
0.9999977004730483
0.9999999999997546
1.0
0.9999784509040858
0.9999838343248678
0.9991246878281965
0.9999993436019228
0.9999999933874685
0.9999996727453855
0.05998201367234791
0.28368882966672043
0.5306000872329167
0.013981184341329169
0.10251915771798244
0.17803639746208427
0.9999840683105035
0.1086454965687789
0.1775184235367093
0.16030119024584424
0.9993649626079355
0.17187174491981969
0.04767692847865985
0.04258846332941781
0.27946418732724304
0.051561791920193924
0.1221833982933867
0.013104043801928596
0.9897231314938427
0.7863599268772462
0.49242020839272393
0.9999948666353502
0.9999999859956737
0.9999802883263705
0.9997604545845662
0.9999999999999858
0.9999999628162433
0.9999999999998406
1.0
0.999999999950158
0.9999999999999002
0.9999999999999967
0.9999999997986552
0.9999999980678049
0.9999999999999996
0.9999999949528879
0.9999997805908699
0.9999999998428698
0.9999999999999982
0.9999987390716333
0.9999027358029418
0.9999980032002364
0.999999988709546
0.9999999984810484
0.9999999999999868
0.9999999999993502
0.9998385423818599
0.9999997949196553
0.9999981750894382
0.999999998558657
0.1766289485002993
0.08189079568609484
0.9839371657394284
0.9999970368373917
0.9999999999999978
1.0
0.9999725503111185
0.9999904909940496
0.9997843431928333
0.9999998991298866
0.9999999993639354
0.9999997183524502
0.43567218307749545
0.07880008988547009
0.9531173058252548
0.35593151952598345
0.09459969135441619
0.07151680919528554
0.7487407512700186
0.2131700063869737
0.164808317725641
0.05772185634446175
0.9986717550288189
0.8467428755682279
0.9999999718473037
0.999999574862916
0.9999999999874231
0.9998278878224239
0.9981938706584466
0.9999999999805101
0.9999999997837545
0.9999999999995797
0.9999909748994699
0.9999999999440013
0.9999999999999998
0.9999999932131085
0.9999999990141516
0.9999998285739933
0.9999999999999978
0.9999999971339107
0.9999999968856934
0.9999999996683591
0.9999999999999479
0.9999997741653988
0.999993222529731
0.999999887226677
0.9999996504492656
0.9999999967417201
0.9999999999999768
0.9999999999963729
0.999388185122289
0.9999996100639986
0.9999989893770647
0.9999999987809239
0.13588767202383317
0.13946533668096509
0.979476915279482
0.9999996022921965
0.9999999999992618
1.0
0.9999803870751015
0.9999954163874252
0.9995236159842825
0.9999995516563215
0.9999999983807615
0.9999996187794372
0.15666814626739373
0.23118769998410973
0.9621068202781415
0.1010795888636326
0.13404932730859226
0.10856726030475036
0.6841293719422559
0.8128256558765427
0.287496564725817
0.1591505660656634
0.12620074096613726
0.9982975126568009
0.06076280925318403
0.29776436048119376
0.253328755781047
0.37187074785571317
0.9999999307722743
0.999780581433439
0.999999999994157
0.9999999999999991
0.9999998447494726
0.9999999999999998
0.9999999999999996
0.9999999999998761
0.9999999997757326
0.9999999999999982
0.9999999999827779
0.9999999932347392
0.9999998970794157
0.9999999999999912
0.9999999908362965
0.9991746281678218
0.999999999968316
0.9999999967533575
0.9999956348719368
0.9999999680675241
0.9999999885804979
0.7504113038984261
0.9999211946519342
0.9999996113126106
0.9999999999949059
0.9999998696926574
0.9999999967710482
0.8041727865899778
0.9999674754370109
0.9999972408540031
0.9999999991848052
0.9253415038124739
0.9999778135510534
0.9999999999935794
0.999999999971153
0.9745262593167813
0.9999997309078283
0.9999999957368336
0.9999342297353212
0.9999999999999976
0.9999994394475747
0.9999999980024371
0.9999999954253739
0.9999999938004448
0.9999999999106891
0.9999999999999658
0.9999990116518488
0.9999999999950584
0.9999925930413887
0.9999999999999851
0.7084929098343741
0.9999962467166902
0.9999999490428537
0.9999998600073171
0.9999987517866739
0.9999997081975391
0.9999981447001662
0.9999999920598598
0.9999999998640612
0.9999999996409361
0.9999999565087733
0.999999970420693
0.9999993645910888
0.9986824730177587
0.9991314782612835
0.9999935378751404
0.9999999991623869
0.9999999999964083
0.9999998680436392
0.9999999999999578
0.9999521302550982
0.9999999999802232
0.9964283355179254
0.9999999971029484
0.9999999999260613
0.9882373719179184
0.9999999430687707
0.9999996613476299
0.9999999129171461
0.9999998895806997
0.9999999999989686
1.0
0.9969170260649078
0.9999996143332108
0.9999985557513906
0.9999999999981276
0.9999999999999981
0.9999999994311075
0.9999849393367473
0.9999997730090289
0.9999999999368577
0.9999999998106174
0.999999997107209
0.9999990889600113
0.9999999999932889
0.9999632481431499
0.9999981736473308
0.9989867353595931
0.9999981551984395
0.9999999168804511
0.9999999999992244
0.9997492686967892
0.9999999999999989
0.9999999457560884
0.999999999999984
0.9999999004620165
0.9999999999999987
0.9999999997365314
0.9999999999999906
0.9999770700591257
0.9999999999999922
0.9999999999981207
0.9999999999931932
0.9999999999999678
0.9999999998787149
0.9999999999969491
0.9999999999970601
0.9999999989179564
0.9999999977082008
0.9999999998901741
0.9999974734987507
0.9999999999763716
0.9973871115832212
0.999999680584029
0.9881426985339472
0.9974886369436715
0.9999745631735192
0.999989199395707
0.9999996318814616
0.9999910404977078
0.7246214333530209
0.9999999999999936
0.9999999940534823
0.9999998901216866
0.999993029139579
0.9999999999990556
0.9999999999978529
0.2811769067586107
0.999999909469424
0.9999999084741413
0.9999981474046806
0.9999823764339815
0.9999999669194082
0.999999999268185
0.9999999146432116
0.9999999988709033
0.9999999947629221
0.04637640464936807
0.172597204785792
0.9997647171986924
0.9999998165698271
0.9999999527274052
0.9999997147377966
0.9999823004008751
0.9999999999973362
0.9999992934111176
0.9999999999996171
0.9999999922648564
0.9439106471844743
0.9999814870426373
0.9999959628280334
0.9997667567337961
0.9999999984184241
0.526180658708205
0.17271100765090946
0.9229287523909856
0.9999945838419994
0.9999999946114874
0.999999999999996
0.9999999966678541
0.9999999825768662
0.9999999489389559
0.881716791141288
0.9999996793416989
0.9999999999972717
0.9999987459433346
0.9999999999970471
0.9999999999997848
0.9988288797008679
0.9999949071859837
0.9999999978590582
0.9999999999282921
0.9999999998936483
0.9999939546093194
0.9999995714641435
0.9999949082266499
0.9999999999005889
0.1149720513659167
0.15677369551333076
0.9033422981001279
0.9999999682885841
0.9999999999999952
1.0
0.9999999999986167
0.9996343675882802
0.9999999999998402
0.9999999999989875
0.9999828916998458
0.9999999999968396
0.9999999999984698
0.9999999999641118
0.9999999987852476
0.999999999999988
0.9999999990128751
0.9999999756481022
0.9999998006478324
0.9999999999999964
0.9999999839117869
0.9978385964852141
0.9999999999690837
0.9999999868999728
0.9999994980128237
0.9999999753935221
0.999999744011864
0.8128697314813668
0.9999452008537019
0.9999992892543547
0.9999999999967074
0.9999999707052187
0.9999999999655981
0.9753347840491071
0.9999855442917012
0.9999980364243991
0.9999999998753726
0.9842521983165126
0.9999915125193702
0.9999999999882374
0.9999999815097396
0.9846215152243489
0.9999999253295923
0.99999999490665
0.9999348791200025
0.9999999999999958
0.9999994840797297
0.9999999986645128
0.9999999967831705
0.9999999949552236
0.9999999999237635
0.9999999999999685
0.9999990309843715
0.9999999999956003
0.9999929232680759
0.9999999999999855
0.2865126659759794
0.9988690578952989
0.999998803984674
0.9999999999995426
0.9999265210539099
0.999933266582723
0.999999912087234
1.0
0.8045637351177217
0.9999999251781505
0.9999999999016048
0.9999999992807921
0.9999999864026956
0.9843051332962297
0.768169297066021
0.9999985943484949
0.9999946519476555
0.9999999996466019
0.9999997673612202
0.9999999999990439
0.9999877840770148
0.9999999994448187
0.999975606880916
0.9999999901712493
0.999999999999843
0.9993820854676698
0.9999958408526362
0.9999980291337479
0.9999995847539198
0.9999998364337234
0.9999999999999848
1.0
0.9973648882881763
0.9999997740874034
0.9999966051551117
0.9999999999977156
0.9999999999999952
0.9999999995000993
0.9999728063105054
0.9999995547368478
0.9999999999401791
0.9999999993870146
0.9999999932295599
0.9999989052417781
0.9999999999986844
0.9999916887997917
0.9999998924528464
0.9995492641517086
0.9999990716282288
0.9999999481926843
0.9999999999992691
0.9997410194797892
0.9999999999999971
0.9999999406595157
0.9999999999999748
0.9999998862025611
0.9999999999999987
0.9999999997365314
0.9999999999999906
0.9999770700591257
0.9999999999999922
0.9999999999981207
0.9999999999931932
0.9999999999999678
0.9999999998787149
0.9999999999969491
0.9999999999970601
0.9999999989179564
0.9999999977082008
0.9999999998901741
0.9999974734987507
0.9999999999763716
0.9973871115832212
0.999999680584029
0.9881426985339472
0.9974886369436715
0.9999745631735192
0.999989199395707
0.9999996318814616
0.9999910404977078
0.7246214333530209
0.9999999999999936
0.9999999940534823
0.9999998901216866
0.999993029139579
0.9999999999990556
0.9999999999978529
0.7187257081694852
0.9999999836306557
0.9999999997395508
0.9999998318159056
0.9999999402757384
0.9326272793021545
0.9999999543185448
0.9999999842305833
0.9999999445761971
0.9999999995395268
0.9999999999991539
0.9999999999999827
0.999999315214795
0.9999999914320893
0.9999994519405848
0.9756493573256473
0.06603405251289347
0.3418716737944478
0.9433632196346382
0.9999999884075149
0.9226836530017576
0.46997173571859113
0.9923695399354768
0.9999996337368398
1.0
0.9999999999959531
0.9999999980868677
0.9999999652622142
0.9999999922376213
0.9999999489919686
1.0
0.9999999033212613
0.9999998837028726
0.9999999997315875
0.9999981597297692
0.5059400371776177
0.9760732870058674
0.9677409503022008
0.9999999996276592
0.9906344364911374
0.05445889797979064
0.9960999918800834
0.9999999875646781
1.0
0.9999999999999979
0.9999999999467244
0.9999996938630195
0.9999999984859661
0.9999998422807111
1.0
0.9999964367821111
0.9999979398142573
0.9999999982943358
0.999999348428737
0.47589439819844664
0.9822994700962117
0.9586725092242278
0.9999999999116281
0.9999999989813101
0.6673342133749423
0.06383024758829262
0.19540168007086953
0.9999766128803725
0.9998125220279765
0.9999999983240164
0.9999999999998819
0.9999985605282928
0.9999616120445298
0.9999999999996337
0.9999999965659085
1.0
0.9999887778479829
0.9999623207418511
0.9999721232641224
0.9997624851290821
0.9981265370575103
0.9999998563181538
0.5895889556558287
0.2665544689705078
0.957440915680115
0.6842122156476846
0.12366549641714565
0.250175320497088
0.08706899571170082
0.07958234247642568
0.09205597156689926
0.13418181578922628
0.0022523373881907383
0.7461913393769014
0.6326653804505409
0.9999999122531801
0.8291593553838589
0.9999999982064143
0.9999999999627601
0.9991553944403628
0.9999999992964413
0.9999907641387673
0.9999999959259944
0.9999999526871725
1.0
