100
100
100
100
100
100
100
100
100
100
100
100
100
100
100
100
100
100
100
100
100
100
100
100
100
100
100
100
100
100
100
100
100
100
100
100
100
100
100
100
100
100
100
100
100
100
100
100
100
100
0.9930140645326189
0.9994608956478526
0.9986869207650303
0.6910037019593263
0.10132399648283064
0.14542246198322054
0.03840442075603603
0.5881322149754746
0.9982227757505884
0.9999447271997352
0.9966806089115109
0.99899258426291
0.9966551813674407
0.9999485035637904
0.9997444192568506
0.9993499762765219
0.9995167692395269
0.9994780602040467
0.9993157580712367
0.999904740708794
0.9923754023173132
0.9947993675372094
0.9999874998672347
0.9994251770101054
0.9918562661371997
0.9964425390330951
0.9999858820808291
0.9808929780944026
0.9291993453932839
0.9995156202948837
0.9906717301522716
0.9820822964203085
0.9889166117498639
0.9894618996539969
0.1747419432861586
0.853372013170379
0.9800978465727789
0.9992526268189911
0.9592868059383196
0.996101097675911
0.04723434615062238
0.9534227687790277
0.9817266174129089
0.9587812108214321
0.8312270880843141
0.014878746717423806
0.5714936350369084
0.8435495187692835
0.9994337850277887
0.996014970900691
0.016266138977738025
0.7559788116405219
0.9949412532309283
0.9958577797961745
0.9764826992992907
0.3869015651167017
0.16022931688581413
0.0763055181951367
0.08568328622401392
0.6088480190769584
0.9331844840044223
0.9994105644290869
0.9996763529496971
0.025429253915770684
0.8120386302500465
0.6712857090879958
0.9805552029657578
0.9851598950305714
0.9842257543499168
0.9984855827396999
0.9960364006217183
0.9900941172121668
0.9775253600182499
0.14220085619444614
0.23962319342416563
0.02932469251545266
0.8886567294482463
0.9840603727884166
0.9980068749920122
0.9999878546907054
0.9611468631719692
0.8496770399043455
0.9494814652036527
0.9113181353908559
0.39939677210325425
0.9570594504171921
0.9863159122346556
0.9881218030147503
0.9070549381902072
0.038835108240905754
0.07986403558324777
0.04535234746011329
0.9712582699056914
0.9399000582004415
0.9958003684379959
0.9999944465888234
0.08821121742726781
0.7259540771164672
0.14863221837747548
0.8868762171484914
0.020358148653772203
0.18079985615726205
0.9985702744931553
0.9999961555407006
0.1789466717367442
0.9288348555387931
0.970685358113499
0.9986783363717624
0.959309316382335
0.9675313433232314
0.9879285541584606
0.9624175269021521
0.9684237048808739
0.9980256981185254
0.9941432955116332
0.9998380805617253
0.9954860061270517
0.9953278058611805
0.9969573385475715
0.05032251653661802
0.864109428599625
0.04358785984453972
0.0853501106856544
0.026492680702900593
0.09970997325078387
0.6908831470714035
0.9981357317768292
0.9980086251712484
0.9868259756087705
0.9979999809530252
0.9994799369428297
0.9998983206738873
0.9993721300658869
0.9999876629969972
0.9991658344172107
0.9956854177982541
0.9955086469150365
0.9999418333249765
0.9880643887263681
0.7825301850078062
0.9958747305416698
0.9888074771736366
0.9933282104617636
0.9827023723352184
0.9957051343533433
0.1319967100636849
0.06212345359552678
0.9117696342042091
0.98529417923027
0.9734110265875757
0.6975131149741887
0.9981663231078526
0.9964009159922272
0.9643917452209884
0.9952332281561304
0.9963723371288182
0.9979326146539806
0.9995171130687939
0.9960348880197176
0.9890511689283445
0.9955592106406866
0.9987022884374724
0.008454625934973774
0.9993263547577347
0.9999508323342534
0.9962822324065379
0.9933205569560971
0.7950453382929461
0.9745169278655076
0.9930098574071854
0.9019271297963065
0.9819992736347973
0.897628465517937
0.9832553209419026
0.998103945882973
0.9971897134418559
0.972383829733083
0.9991889304714354
0.203780686898337
0.8979815661048699
0.956049442994305
0.9482270908623616
0.9506604413229466
0.9712233973838245
0.9137805661551507
0.818736169587299
0.8605837004646975
0.9386687410468793
0.9888141864647191
0.9469056116704107
0.9977346301221052
0.994787593046726
0.49954603205109344
0.9903050399869009
0.9105298167398826
0.995945000298373
0.965848568032447
0.00104062735857263
0.11167416321540315
0.8483649995371658
0.9966027538774789
0.9984060905253715
0.1932573959916458
0.18802282661608913
0.1877481224686544
0.9998171269060635
0.3118434701814491
0.9754844240973171
0.996536012152247
0.9966953724778899
0.9988069859654628
0.9990868441530031
0.0047118086679609865
0.005240149419115596
0.03692923280338957
0.08437320603956197
0.026446214245013852
0.06269958176935363
0.01434613741638607
0.0030255380396726427
0.64214575193092
0.011352649882010202
0.3219487445951698
0.011314940787883554
0.10393392178870461
0.09031466681821565
0.03025880926971919
0.2845583443766307
0.09813374325079151
0.08637368143571394
0.18210061356856047
0.07954806523822634
0.9981294826514475
0.9997272368591271
0.9985320354385319
0.9999356482213094
0.9999928985856673
0.9995381389589052
0.9996734287015057
0.9999980236743963
0.9946665944086378
0.9967532162904774
0.9986440390862339
0.999666354896833
0.995354453744387
0.8602266174352026
0.9992995912041336
0.9936726136823681
0.9893364047836575
0.9870395606589121
0.9887261073153443
0.017777398794257257
0.0007469491964422395
0.23870754087802673
0.0452381382100424
0.6553312431305331
0.13527323070302524
0.022731029343291655
0.12915057177694098
0.07087768565029767
0.12018037803763383
0.09437577479944699
0.3678639980008773
0.3992792986058019
0.02550131438535266
0.16918331200043032
0.3877307842625756
0.3578877087560857
0.09634195120767568
0.030981322337450122
0.09684369430934933
0.6356312380667933
0.8957612061756565
0.7140562616395366
0.06183534616589976
0.005492740439283956
0.3076681522270307
0.053654619640593634
0.09564216967254402
0.08381159963599634
0.7461559740503123
0.29266407368791
0.1358625676201656
0.005754753198297046
0.11111782265278249
0.014750118270622796
0.20075607393406567
0.5886463963869336
0.12617469314098284
0.11993951713636722
0.7646998911498567
0.927187399467925
0.8069688078695728
0.05625955000207386
0.010701961325283268
0.0635532378380336
0.5629456298552412
0.425515300941717
0.06784968550208412
6.292626282600225e-05
0.5808705539099244
0.03834649252239422
0.4279662286378079
0.056424078759519374
0.32381933804990665
0.023710099608322908
0.4924550222985653
0.04947872552667931
0.0107352534259783
0.01546978462706791
0.20600825817845433
0.06922342703285149
0.1354964751838558
0.3337450770342311
0.5579180926721709
0.08147191209231114
0.0280111653272119
0.11279045290914305
0.09230744111466957
0.0895219060281334
0.034321362114469914
0.2220093739300186
0.9872282804200152
0.9372661756522324
0.9999097061216664
0.9999976569765995
0.9997779333194907
0.9999179661276271
0.9999195096326025
0.9996337724167967
0.9990316251995431
0.9999973028572229
0.9610793414462923
0.9934594551670314
0.9959968277719775
0.9997195295279249
0.9850574907140204
0.00883230811227662
0.7036612699379288
0.0716703599004191
0.10383405662723368
0.6431125352544506
0.8975521846851594
0.9988481628901881
0.9991998150466473
0.9484168872299796
0.8300469963802749
0.9872820684901704
0.9106801206138292
0.09750907462279237
0.3266583971684432
0.6953666448893898
0.7757515284130055
0.020523503478517346
0.28829806469756974
0.1801438427458145
0.08609718704911512
0.05082167487511976
0.30643240646481656
0.013130471180914984
0.4794118074143383
0.008495071003908956
0.012930151072556984
0.0012429698517089013
0.16074967300602083
0.1444331052033912
0.09987750818383563
0.26760913905048217
0.700558688462908
0.9867625532174716
0.9937741801172308
0.07816004025826076
0.4390087781029079
0.009220509940637903
0.06984697663995078
0.08572171682601712
0.679677733973269
0.9995387008969394
0.9996072929946255
0.3652865874537492
0.6405394616163702
0.9930743952441229
0.9970320932168744
0.9985420795443565
0.9915725361775649
0.9991230617952607
0.9996553949998962
0.9992786044545341
0.9998557080129717
0.9865411796771935
0.9971779833953826
0.9999945969304946
0.9995104869729465
0.9926586368398173
0.9966827564665913
0.9999838323933535
0.9850556491446207
0.02680227474693237
0.9861590998167825
0.13175354769268824
0.10707304348510419
0.08834567438370199
0.6462718796975472
0.8286000620145728
0.9990434370900484
0.7821055445931826
0.9989315013196843
0.1609832772852431
0.10371215551176483
0.14107872039681682
0.9871992485043544
0.8104734553121434
0.9986081255534797
0.9965573594334647
0.9955955267104537
0.16438833780682643
0.1129480385799791
0.08114091622702456
0.012127065729536502
0.9908524711774683
0.9962164769355979
0.9999814110403301
0.9991812188684631
0.9921104457336573
0.06004032379188843
0.18603464815454834
0.00020560872547203
0.912509448148968
0.9961550401118774
0.01450526672863282
0.28149929159236897
0.023992919184912632
0.09758766464514551
0.13828054110527566
0.1244315799700454
0.9669231787109622
0.02652869279483101
0.08649347975741667
0.1381261234275966
0.9865405187781913
0.10115326186370241
0.16466781725729965
0.08464095830881199
0.9964243265434858
0.1717970164974842
0.12009031308042897
0.07254381521681068
0.9777162759580099
0.24745238421064433
0.0719680165439319
0.15147102808154747
0.9872029538373829
0.05791482862287355
0.08659444240564955
0.1823604705848011
0.9804517912118443
0.11736907218699882
0.09121078761118656
0.10485958925125363
0.9381940128669378
0.11185032854793182
0.15061198409072443
0.09086242788743201
0.9429422961693884
0.06066876489254184
0.9135927990153203
0.08017840865860101
0.1012403501688295
0.092233393302476
0.9501884782661515
0.019100151606601543
0.14012807840774788
0.06606639625490672
0.978780969499065
0.09917195503794315
0.1068504574870701
0.13349301687329954
0.6528571631206844
0.1451883222057763
0.12092640186089007
0.061454904962877054
0.5877932816550405
0.07384702508745977
0.08727602652381874
0.05613414611235038
0.8534343470174129
0.15553546194786738
0.9483083296318057
0.09256206574687617
0.11516198291961387
0.07381317042265748
0.3501064336109774
0.3264040110339422
0.7677626123134235
0.3946733740947985
0.8245526391774901
0.019203452473448318
0.07738361238849537
2.3872140090637344e-05
0.010166575966741222
0.10055711165544716
0.171030996132677
0.04730416717315639
0.3190477498844854
0.02681735175802951
0.15194138729175333
0.01716415112559396
0.2827477316672416
0.19316129745779026
0.9998904733332985
0.9999490061848058
0.997077553262813
0.9999620928969608
0.9999038404476306
0.9982381281266726
0.9980141334003725
0.9999979180847743
